0 0.034942 0.190171 0.039886 0.058405
0 0.063907 0.133903 0.040836 0.068376
0 0.089548 0.111111 0.033238 0.071225
0 0.136557 0.144587 0.024691 0.041311
0 0.199235 0.255698 0.034188 0.044160
0 0.222976 0.181624 0.051282 0.047009
0 0.260014 0.168091 0.030389 0.054131
0 0.297525 0.180912 0.019943 0.051282
0 0.364002 0.245726 0.031339 0.078348
0 0.404363 0.177350 0.039886 0.041311
0 0.355930 0.366809 0.017094 0.066952
0 0.478437 0.170940 0.032289 0.062678
0 0.523546 0.209402 0.029440 0.065527
0 0.568656 0.143162 0.032289 0.038462
0 0.744344 0.125356 0.030389 0.071225
0 0.816519 0.123932 0.043685 0.025641
0 0.873499 0.202991 0.039886 0.084046
0 0.910061 0.181624 0.029440 0.086895
0 0.961818 0.197293 0.041785 0.052707
0 0.855455 0.242165 0.053181 0.051282
0 0.872549 0.404558 0.045584 0.085470
0 0.943299 0.757123 0.046534 0.086895
0 0.887269 0.751425 0.057930 0.081197
0 0.854980 0.760684 0.038936 0.085470
0 0.800849 0.882479 0.033238 0.055556
0 0.760963 0.891026 0.050332 0.044160
0 0.710631 0.855413 0.054131 0.089744
0 0.606642 0.725071 0.051282 0.074074
0 0.570080 0.745726 0.038936 0.081197
0 0.533043 0.769231 0.052232 0.079772
0 0.362578 0.643162 0.043685 0.095442
0 0.402464 0.618234 0.041785 0.076923
0 0.440450 0.646724 0.055081 0.056980
0 0.459919 0.691595 0.037037 0.038462
0 0.286129 0.844729 0.038936 0.042735
0 0.239596 0.834046 0.044634 0.029915
0 0.205882 0.856838 0.051282 0.038462
0 0.190213 0.895299 0.056030 0.038462
0 0.109016 0.673789 0.058879 0.039886
0 0.059159 0.625356 0.044634 0.042735
0 0.025920 0.614672 0.048433 0.064103
0 0.027345 0.846154 0.041785 0.054131
0 0.405788 0.470798 0.050332 0.038462
0 0.215854 0.333333 0.056030 0.085470