0 0.413385 0.643162 0.135802 0.141026
0 0.582426 0.735755 0.149098 0.089744
0 0.903888 0.761396 0.169041 0.092593
0 0.906262 0.225071 0.120608 0.148148
0 0.748618 0.117521 0.027540 0.024217
0 0.809396 0.125356 0.019943 0.031339
0 0.563907 0.131766 0.039886 0.044160
0 0.518798 0.205840 0.044634 0.058405
0 0.406262 0.163818 0.034188 0.051282
0 0.364002 0.233618 0.037037 0.048433
0 0.357829 0.349715 0.039886 0.038462
0 0.398665 0.446581 0.039886 0.049858
0 0.295626 0.838319 0.027540 0.052707
0 0.238646 0.827635 0.044634 0.048433
0 0.217278 0.861111 0.045584 0.058405
0 0.194012 0.901709 0.038936 0.031339
0 0.108067 0.670940 0.028490 0.045584
0 0.055360 0.623219 0.029440 0.029915
0 0.017848 0.618234 0.018993 0.059829
0 0.797051 0.871083 0.040836 0.058405
0 0.756690 0.891026 0.034188 0.058405
0 0.703508 0.866809 0.041785 0.084046