0 0.402939 0.658120 0.169991 0.116809
0 0.526870 0.770655 0.045584 0.099715
0 0.563907 0.744302 0.036087 0.118234
0 0.598570 0.731481 0.035138 0.081197
0 0.637506 0.746439 0.033238 0.051282
0 0.536367 0.331909 0.030389 0.105413
0 0.525446 0.200855 0.025641 0.085470
0 0.572454 0.158120 0.043685 0.048433
0 0.661248 0.154558 0.046534 0.055556
0 0.480811 0.155271 0.040836 0.042735
0 0.394392 0.175926 0.075024 0.041311
0 0.355455 0.247151 0.033238 0.064103
0 0.360203 0.362536 0.057930 0.055556
0 0.413385 0.482906 0.063628 0.068376
0 0.201609 0.898148 0.054131 0.064103
0 0.217278 0.863248 0.058879 0.045584
0 0.252891 0.836895 0.069326 0.064103
0 0.283755 0.833333 0.053181 0.039886
0 0.018798 0.614672 0.030389 0.061254
0 0.058209 0.629630 0.038936 0.028490
0 0.101419 0.664530 0.037987 0.024217
0 0.024021 0.849715 0.019943 0.106838
0 0.038266 0.183761 0.031339 0.059829
0 0.057734 0.133191 0.041785 0.055556
0 0.119938 0.119658 0.080722 0.068376
0 0.748143 0.129630 0.051282 0.068376
0 0.811296 0.138177 0.035138 0.056980
0 0.874923 0.200855 0.040836 0.085470
0 0.920507 0.176638 0.040836 0.071225
0 0.955170 0.193020 0.032289 0.072650
0 0.873974 0.410969 0.042735 0.121083
0 0.707782 0.859687 0.029440 0.066952
0 0.756690 0.875356 0.043685 0.086895
0 0.797525 0.871083 0.030389 0.064103
0 0.847858 0.760684 0.051282 0.074074
0 0.896766 0.748575 0.042735 0.106838
0 0.930954 0.762821 0.048433 0.078348