0 0.341292 0.044849 0.053286 0.089698
0 0.386585 0.069272 0.051510 0.101243
0 0.413228 0.180284 0.072824 0.092362
0 0.503370 0.266430 0.080817 0.111901
0 0.503814 0.378330 0.090586 0.101243
0 0.494045 0.475133 0.097691 0.099467
0 0.470510 0.585258 0.093250 0.088810
0 0.355945 0.527531 0.057726 0.087034
0 0.225395 0.492007 0.057726 0.097691
0 0.257810 0.642984 0.065719 0.083481
0 0.260030 0.792185 0.043517 0.111901
0 0.394577 0.781528 0.063943 0.097691
0 0.057100 0.697158 0.113677 0.323268
0 0.109498 0.395204 0.051510 0.110124
0 0.144133 0.365009 0.051510 0.177620
0 0.175661 0.362345 0.038188 0.182948
0 0.218290 0.365009 0.043517 0.152753
0 0.136585 0.542629 0.080817 0.127886
0 0.026904 0.164298 0.044405 0.088810
0 0.031789 0.061279 0.029307 0.056838
0 0.063316 0.107460 0.049734 0.074600
0 0.088627 0.179396 0.045293 0.058615
0 0.641913 0.539964 0.063055 0.111901
0 0.635696 0.655417 0.052398 0.079929
0 0.612606 0.760213 0.070160 0.079929
0 0.670776 0.777087 0.053286 0.063943
0 0.693867 0.678508 0.040853 0.108348
0 0.730279 0.587034 0.056838 0.060391
0 0.579746 0.112789 0.048845 0.131439
0 0.628592 0.115453 0.045293 0.104796
0 0.670332 0.099467 0.057726 0.119005
0 0.723618 0.117229 0.064831 0.079929
0 0.756922 0.108348 0.055062 0.033748
0 0.602837 0.236234 0.031083 0.133215
0 0.634808 0.215808 0.036412 0.095915
0 0.673441 0.222913 0.051510 0.117229
0 0.723174 0.237123 0.047957 0.092362
0 0.672109 0.348135 0.055950 0.154529
0 0.791558 0.212256 0.023091 0.117229
0 0.832411 0.213144 0.023091 0.140320
0 0.865270 0.260213 0.039076 0.134991
0 0.824418 0.604796 0.065719 0.106572
0 0.855057 0.541741 0.064831 0.111901
0 0.904347 0.534636 0.030195 0.097691
0 0.891913 0.122558 0.078153 0.097691
0 0.928325 0.707815 0.060391 0.131439
0 0.955412 0.825933 0.064831 0.097691
0 0.971398 0.875666 0.048845 0.111901