0 0.191872 0.172365 0.113099 0.139601
0 0.143876 0.275641 0.104545 0.103989
0 0.108711 0.373932 0.136859 0.092593
0 0.052162 0.443020 0.099793 0.099715
0 0.214682 0.616809 0.160619 0.122507
0 0.149103 0.674501 0.134008 0.160969
0 0.102058 0.773504 0.140661 0.113960
0 0.129620 0.925214 0.159669 0.126781
0 0.490300 0.160256 0.084586 0.146724
0 0.477470 0.279202 0.169173 0.071225
0 0.436127 0.362536 0.139710 0.089744
0 0.388131 0.445869 0.112148 0.094017
0 0.570135 0.645299 0.113099 0.119658
0 0.484123 0.687322 0.121652 0.155271
0 0.452284 0.813390 0.145413 0.165242
0 0.461788 0.955840 0.145413 0.088319
0 0.906105 0.622507 0.106446 0.136752
0 0.823419 0.679487 0.115950 0.150997
0 0.787303 0.772080 0.121652 0.182336
0 0.812489 0.939459 0.092190 0.121082
0 0.840051 0.109687 0.056074 0.145299
0 0.807262 0.242165 0.096942 0.119658
0 0.768770 0.357550 0.092190 0.119658
0 0.705568 0.428063 0.087438 0.112536