0 0.376119 0.365942 0.078185 0.050725
0 0.386544 0.253623 0.078185 0.055556
0 0.436930 0.188406 0.078185 0.053140
0 0.567239 0.164855 0.092085 0.049517
0 0.773128 0.237923 0.079923 0.031401
0 0.112895 0.868357 0.038224 0.026570
0 0.181524 0.853261 0.039961 0.027778
0 0.240598 0.862923 0.033012 0.030193
0 0.265791 0.886473 0.024324 0.024155
0 0.245810 0.977053 0.036487 0.036232
0 0.389150 0.788647 0.027799 0.036232
0 0.475154 0.762681 0.036487 0.037440
0 0.541178 0.780797 0.029537 0.039855
0 0.558552 0.817029 0.033012 0.035024
0 0.513378 0.945652 0.043436 0.024155
0 0.760966 0.831522 0.034749 0.020531
0 0.834808 0.836957 0.026062 0.033816
0 0.885194 0.847222 0.053861 0.032609
0 0.900831 0.878019 0.033012 0.026570
0 0.846970 0.992150 0.060811 0.015700