0 0.246679 0.130435 0.132047 0.074879
0 0.454305 0.096014 0.095560 0.071256
0 0.594170 0.121377 0.104247 0.083333
0 0.638475 0.204710 0.088610 0.073671
0 0.099864 0.819444 0.147684 0.054348
0 0.187606 0.874396 0.076448 0.033816
0 0.237992 0.800725 0.135522 0.084541
0 0.448224 0.918478 0.048649 0.022947
0 0.518591 0.903986 0.036487 0.022947
0 0.560290 0.897947 0.033012 0.027778
0 0.600251 0.926932 0.036487 0.020531
0 0.808746 0.925121 0.060811 0.130435
0 0.862607 0.839372 0.026062 0.028986
0 0.791371 0.815217 0.029537 0.016908