0 0.063922 0.440171 0.116056 0.116809
0 0.178076 0.557692 0.119861 0.175214
0 0.291278 0.587607 0.072297 0.155271
0 0.377845 0.539886 0.070395 0.139601
0 0.353111 0.139601 0.161718 0.142450
0 0.390211 0.050570 0.087518 0.061254
0 0.290327 0.259972 0.275871 0.135328
0 0.098168 0.274929 0.195964 0.062678
0 0.433970 0.839744 0.110349 0.072650
0 0.417798 0.913818 0.119861 0.049858
0 0.367381 0.955840 0.114154 0.048433
0 0.213273 0.950855 0.091323 0.044160
0 0.658472 0.610399 0.148400 0.146724
0 0.804970 0.613248 0.106543 0.132479
0 0.906757 0.556980 0.078005 0.102564
0 0.713647 0.245726 0.133179 0.115385
0 0.880121 0.262821 0.142692 0.115385
0 0.908659 0.171652 0.123666 0.109687
0 0.963833 0.064103 0.066590 0.096866
0 0.561442 0.212963 0.114154 0.089744
0 0.695572 0.730769 0.154107 0.054131
0 0.757406 0.769943 0.148400 0.032764
0 0.716501 0.827635 0.131277 0.039886
0 0.793554 0.867521 0.095128 0.079772
0 0.871559 0.856125 0.110349 0.085470
0 0.924831 0.929487 0.087518 0.095442
0 0.572857 0.705128 0.110349 0.031339