0 0.362606 0.218966 0.106572 0.208407
0 0.284453 0.432110 0.145648 0.227353
0 0.204080 0.491316 0.116341 0.244721
0 0.068201 0.405269 0.111012 0.189461
0 0.134808 0.679199 0.091474 0.216302
0 0.216958 0.849714 0.136767 0.263667
0 0.331078 0.826031 0.121670 0.200513
0 0.696975 0.610519 0.084369 0.214723
0 0.799107 0.822084 0.167851 0.205250
0 0.906567 0.884202 0.150089 0.231596
0 0.821753 0.623939 0.134991 0.187882
0 0.855945 0.357904 0.105684 0.135781
0 0.669444 0.308960 0.107460 0.221038
0 0.728503 0.110026 0.206039 0.195777