0 0.900090 0.764957 0.161443 0.082621
0 0.704933 0.866097 0.040836 0.045584
0 0.756690 0.888177 0.030389 0.044160
0 0.799900 0.876068 0.035138 0.042735
0 0.532568 0.781339 0.058879 0.069801
0 0.578152 0.767094 0.055081 0.072650
0 0.607117 0.720085 0.040836 0.049858
0 0.906737 0.178063 0.032289 0.054131
0 0.869700 0.194444 0.036087 0.058405
0 0.854980 0.251425 0.033238 0.041311
0 0.959444 0.192308 0.042735 0.054131
0 0.806547 0.122507 0.048433 0.056980
0 0.748618 0.123932 0.040836 0.037037
0 0.689263 0.167379 0.024691 0.052707
0 0.580052 0.136040 0.055081 0.072650
0 0.514050 0.204416 0.035138 0.047009
0 0.466091 0.150997 0.030389 0.042735
0 0.398665 0.173077 0.049383 0.035613
0 0.366376 0.247863 0.036087 0.048433
0 0.366851 0.368234 0.033238 0.041311
0 0.220602 0.167379 0.033238 0.061254
0 0.055360 0.128205 0.052232 0.051282
0 0.087174 0.114672 0.041785 0.058405
0 0.134657 0.142450 0.032289 0.065527
0 0.022122 0.181624 0.040836 0.055556
0 0.215379 0.581909 0.079772 0.069801
0 0.368276 0.641026 0.049383 0.048433
0 0.401989 0.627493 0.048433 0.075499
0 0.434278 0.643162 0.031339 0.066952
0 0.476063 0.699430 0.050332 0.065527
0 0.194486 0.913105 0.053181 0.065527
0 0.223451 0.851140 0.075024 0.081197
0 0.024971 0.616809 0.046534 0.062678
0 0.056310 0.617521 0.035138 0.058405
0 0.032093 0.841168 0.036087 0.041311