0 0.094400 0.477904 0.111901 0.146175
0 0.103725 0.315581 0.059503 0.168271
0 0.172109 0.354675 0.107460 0.124079
0 0.196975 0.498300 0.103908 0.159773
0 0.236940 0.586685 0.082593 0.118980
0 0.638805 0.426912 0.087034 0.186968
0 0.603725 0.794900 0.054174 0.137677
0 0.532233 0.908781 0.072824 0.144476
0 0.498929 0.823795 0.052398 0.185269
0 0.452304 0.749008 0.049734 0.178470
0 0.417224 0.525496 0.084369 0.139376
0 0.587739 0.492351 0.077265 0.161473
0 0.530901 0.521246 0.084369 0.154674
0 0.476727 0.514448 0.075488 0.192067
0 0.388805 0.640226 0.068384 0.147875
0 0.760919 0.331729 0.048845 0.234560
0 0.813760 0.194052 0.090586 0.207365
0 0.895466 0.219548 0.056838 0.271954
0 0.966069 0.351275 0.050622 0.263455
0 0.920332 0.773654 0.044405 0.159773
0 0.844844 0.636827 0.072824 0.253257
0 0.783121 0.623229 0.084369 0.273654
0 0.716514 0.700566 0.061279 0.322945