0 0.133897 0.142450 0.057975 0.188034
0 0.189971 0.212963 0.061777 0.206553
0 0.221334 0.334758 0.107396 0.253561
0 0.049310 0.106125 0.094091 0.138177
0 0.453234 0.200855 0.103595 0.168091
0 0.540197 0.094017 0.081735 0.142450
0 0.590093 0.176638 0.111198 0.142450
0 0.422346 0.324074 0.079834 0.172365
0 0.737407 0.179487 0.078884 0.170940
0 0.819142 0.222222 0.090289 0.202279
0 0.877592 0.307692 0.150165 0.162393
0 0.920361 0.401709 0.114049 0.119658
0 0.885196 0.570513 0.134958 0.103989
0 0.812964 0.653846 0.136859 0.102564
0 0.800134 0.777778 0.139710 0.111111
0 0.820568 0.932336 0.089338 0.101140
0 0.536395 0.627493 0.193884 0.215100
0 0.467966 0.838319 0.252809 0.286325
0 0.219909 0.633903 0.121652 0.128205
0 0.148628 0.662393 0.114049 0.145299
0 0.106335 0.762821 0.086487 0.155271
0 0.119165 0.923077 0.096942 0.116809