0 0.334088 0.341168 0.072175 0.089744
0 0.423831 0.414530 0.050332 0.079772
0 0.457070 0.509972 0.065527 0.111111
0 0.432853 0.655271 0.056980 0.096866
0 0.108542 0.430912 0.040836 0.132479
0 0.693062 0.797009 0.039886 0.081197
0 0.689738 0.690171 0.044634 0.089744
0 0.740545 0.670228 0.045584 0.106838
0 0.794676 0.596154 0.039886 0.081197
0 0.843109 0.727920 0.072175 0.096866
0 0.666946 0.213675 0.056030 0.062678
0 0.698285 0.089744 0.038936 0.102564
0 0.756690 0.153134 0.060779 0.084046
0 0.768561 0.262821 0.050332 0.072650
0 0.754316 0.362536 0.059829 0.069801