0 0.164949 0.175214 0.052707 0.150997
0 0.232613 0.141026 0.054131 0.179487
0 0.308111 0.136040 0.051282 0.169516
0 0.375063 0.164530 0.056980 0.152422
0 0.311673 0.352564 0.178063 0.106838
0 0.184892 0.432336 0.103989 0.169516
0 0.232613 0.376781 0.119658 0.126781
0 0.065234 0.579060 0.123932 0.103989
0 0.611530 0.285613 0.108262 0.081197
0 0.768225 0.286325 0.139601 0.116809
0 0.890733 0.256410 0.142450 0.099715
0 0.899992 0.130342 0.132479 0.089744
0 0.960324 0.387464 0.079352 0.125356
0 0.823069 0.487892 0.092593 0.163818
0 0.709109 0.522792 0.089744 0.159544
0 0.637884 0.425926 0.061254 0.153846
0 0.534607 0.752137 0.054131 0.082621
0 0.444151 0.725783 0.064103 0.086895
0 0.499707 0.755698 0.055556 0.143875
0 0.409963 0.835470 0.078348 0.081197
0 0.590163 0.829060 0.074074 0.062678
0 0.577342 0.876781 0.108262 0.098291
0 0.539593 0.908120 0.121083 0.118234
0 0.461245 0.930912 0.078348 0.081197
0 0.197000 0.710114 0.054131 0.089744
0 0.134322 0.711538 0.059829 0.072650
0 0.151416 0.865385 0.045584 0.081197
0 0.254693 0.870370 0.047009 0.079772
0 0.018016 0.838319 0.036032 0.069801
0 0.073069 0.872507 0.048433 0.078348
0 0.120077 0.876068 0.056980 0.111111
0 0.194864 0.868946 0.066952 0.105413
0 0.929194 0.750000 0.082621 0.069801
0 0.932043 0.826211 0.113960 0.076923
0 0.866516 0.876781 0.113960 0.066952
0 0.771074 0.938034 0.108262 0.061254