0 0.033043 0.188034 0.043685 0.039886
0 0.061533 0.114672 0.028490 0.064103
0 0.090023 0.114672 0.032289 0.052707
0 0.133233 0.140313 0.027540 0.041311
0 0.253366 0.151709 0.018993 0.041311
0 0.290403 0.178063 0.013295 0.039886
0 0.225351 0.175214 0.027540 0.048433
0 0.195911 0.251425 0.027540 0.032764
0 0.207782 0.336182 0.028490 0.056980
0 0.357354 0.237892 0.029440 0.028490
0 0.402464 0.172365 0.036087 0.039886
0 0.472264 0.165242 0.023742 0.039886
0 0.359254 0.355413 0.023742 0.044160
0 0.392492 0.456553 0.038936 0.044160
0 0.514524 0.201567 0.036087 0.058405
0 0.569130 0.145299 0.029440 0.051282
0 0.648428 0.142450 0.018993 0.037037
0 0.525920 0.349715 0.020893 0.078348
0 0.406262 0.615385 0.045584 0.079772
0 0.363052 0.633903 0.037037 0.054131
0 0.439501 0.641026 0.045584 0.068376
0 0.467991 0.693020 0.032289 0.041311
0 0.529244 0.774929 0.037037 0.065527
0 0.571030 0.747863 0.040836 0.068376
0 0.604268 0.720085 0.038936 0.075499
0 0.633233 0.736467 0.018993 0.037037
0 0.248143 0.566239 0.012346 0.029915
0 0.215379 0.564103 0.017094 0.028490
0 0.198285 0.574786 0.017094 0.032764
0 0.194961 0.601140 0.027540 0.017094
0 0.219178 0.673077 0.028490 0.024217
0 0.283280 0.833333 0.044634 0.045584
0 0.243869 0.834758 0.041785 0.042735
0 0.214904 0.858262 0.038936 0.035613
0 0.194012 0.894587 0.046534 0.042735
0 0.103793 0.658832 0.021842 0.047009
0 0.051561 0.626068 0.031339 0.038462
0 0.022597 0.610399 0.028490 0.055556
0 0.011201 0.665954 0.011396 0.029915
0 0.022122 0.843305 0.023742 0.059829
0 0.705408 0.858262 0.049383 0.055556
0 0.752891 0.878917 0.041785 0.054131
0 0.797525 0.874644 0.049383 0.051282
0 0.847383 0.771368 0.057930 0.089744
0 0.892967 0.753561 0.042735 0.108262
0 0.941400 0.760684 0.046534 0.085470
0 0.977013 0.800570 0.026591 0.068376
0 0.911011 0.217949 0.141500 0.094017
0 0.816994 0.123932 0.027540 0.056980
0 0.749567 0.122507 0.025641 0.076923
0 0.702084 0.159544 0.029440 0.037037