0 0.097285 0.254274 0.099715 0.109687
0 0.182043 0.113248 0.118234 0.129630
0 0.273211 0.126068 0.103989 0.112536
0 0.419935 0.043447 0.123932 0.086894
0 0.122926 0.039174 0.125356 0.061254
0 0.232613 0.349003 0.094017 0.099715
0 0.387171 0.261396 0.092593 0.143875
0 0.327342 0.349715 0.112536 0.141026
0 0.904265 0.108974 0.126781 0.098291
0 0.877912 0.259259 0.054131 0.139601
0 0.823781 0.334758 0.105413 0.139601
0 0.729052 0.341168 0.112536 0.138177
0 0.619365 0.279202 0.072650 0.125356
0 0.714094 0.095442 0.139601 0.131054
0 0.810248 0.115385 0.109687 0.150997
0 0.673496 0.032051 0.086895 0.049858
0 0.367941 0.672365 0.131054 0.113960
0 0.242584 0.695869 0.105413 0.172365
0 0.145006 0.689459 0.092593 0.170940
0 0.089450 0.810541 0.095442 0.119658
0 0.204835 0.893162 0.078348 0.156695
0 0.308824 0.905271 0.069801 0.166667
0 0.392157 0.825499 0.116809 0.141026
0 0.098710 0.616097 0.133903 0.072650
0 0.632898 0.650285 0.068376 0.135328
0 0.570220 0.804843 0.091168 0.108262
0 0.719080 0.725071 0.047009 0.159544
0 0.805975 0.691595 0.086895 0.155271
0 0.890020 0.840456 0.078348 0.150997
0 0.829479 0.923789 0.088319 0.135328
0 0.737599 0.883191 0.095442 0.111111
0 0.914237 0.630342 0.089744 0.098291