0 0.033121 0.061279 0.028419 0.053286
0 0.064649 0.103020 0.043517 0.065719
0 0.022908 0.157194 0.032860 0.056838
0 0.084631 0.180284 0.037300 0.053286
0 0.105501 0.399645 0.052398 0.104796
0 0.144133 0.372114 0.044405 0.120782
0 0.180101 0.365897 0.041741 0.147425
0 0.221842 0.367673 0.055950 0.119005
0 0.131700 0.524867 0.056838 0.120782
0 0.224950 0.484014 0.083481 0.110124
0 0.026016 0.647425 0.051510 0.191829
0 0.052659 0.762877 0.101243 0.191829
0 0.076638 0.891652 0.103020 0.154529
0 0.267135 0.639432 0.038188 0.072824
0 0.266691 0.723801 0.024867 0.060391
0 0.261363 0.783304 0.046181 0.062167
0 0.398574 0.781528 0.043517 0.055062
0 0.280457 0.551510 0.038188 0.085258
0 0.348396 0.531972 0.044405 0.081705
0 0.498485 0.268206 0.062167 0.083481
0 0.476727 0.163410 0.054174 0.083481
0 0.408787 0.179396 0.039076 0.094139
0 0.398574 0.070160 0.050622 0.074600
0 0.339515 0.030639 0.055062 0.061278
0 0.239604 0.026643 0.039964 0.051510
0 0.477615 0.575488 0.052398 0.044405
0 0.497153 0.475133 0.068384 0.071048
0 0.503370 0.376554 0.070160 0.087034
0 0.636585 0.538188 0.050622 0.065719
0 0.684986 0.675844 0.055062 0.078153
0 0.640581 0.664298 0.040853 0.076377
0 0.621487 0.746004 0.045293 0.069272
0 0.594844 0.817940 0.039964 0.039076
0 0.673885 0.777087 0.039964 0.071048
0 0.722730 0.590586 0.043517 0.060391
0 0.580634 0.104796 0.052398 0.083481
0 0.628592 0.103908 0.047069 0.078153
0 0.669000 0.106572 0.039076 0.097691
0 0.718734 0.115453 0.046181 0.079929
0 0.758698 0.115453 0.031972 0.047957
0 0.731167 0.246004 0.046181 0.095915
0 0.676105 0.218472 0.042629 0.094139
0 0.600617 0.227353 0.030195 0.087034
0 0.634808 0.208703 0.025755 0.099467
0 0.662339 0.310835 0.063055 0.119005
0 0.785341 0.216696 0.047957 0.097691
0 0.832855 0.206927 0.032860 0.134991
0 0.857721 0.257549 0.041741 0.129663
0 0.898130 0.126110 0.090586 0.250444
0 0.975395 0.367673 0.033748 0.076377
0 0.864382 0.507993 0.037300 0.165187
0 0.833299 0.593250 0.033748 0.097691
0 0.939871 0.721137 0.031972 0.072824
0 0.922553 0.604796 0.038188 0.088810
0 0.906567 0.534636 0.025755 0.087034
0 0.946531 0.817052 0.043517 0.104796
0 0.984276 0.865009 0.024867 0.079929
0 0.843956 0.848135 0.042629 0.166963
0 0.898130 0.866785 0.046181 0.097691