0 0.418133 0.650285 0.143400 0.121083
0 0.586699 0.752849 0.174739 0.149573
0 0.914335 0.782764 0.170940 0.106838
0 0.758114 0.880342 0.139601 0.085470
0 0.910536 0.197293 0.153846 0.092593
0 0.870650 0.401709 0.036087 0.079772
0 0.749092 0.119658 0.058879 0.068376
0 0.815569 0.128205 0.026591 0.031339
0 0.684990 0.161681 0.014245 0.064103
0 0.570080 0.136040 0.033238 0.066952
0 0.525920 0.205840 0.034188 0.058405
0 0.652226 0.144587 0.020893 0.069801
0 0.477962 0.167379 0.016144 0.038462
0 0.399615 0.177350 0.047483 0.044160
0 0.361628 0.247151 0.026591 0.032764
0 0.247668 0.861823 0.140551 0.136752
0 0.227725 0.618234 0.093067 0.136752
0 0.256690 0.149573 0.016144 0.048433
0 0.224401 0.168803 0.019943 0.029915
0 0.195436 0.252137 0.020893 0.051282
0 0.204458 0.339744 0.033238 0.052707
0 0.295151 0.174501 0.020893 0.029915
0 0.102369 0.670228 0.030389 0.029915
0 0.049187 0.630342 0.020893 0.041311
0 0.023071 0.623932 0.008547 0.008547
0 0.016996 0.618946 0.033992 0.058405
0 0.014999 0.670940 0.024691 0.017094
0 0.022122 0.842593 0.031339 0.038462
0 0.031618 0.188034 0.027540 0.062678
0 0.061533 0.124644 0.036087 0.086895
0 0.089548 0.118946 0.018044 0.052707
0 0.129909 0.136040 0.022792 0.049858