0 0.772753 0.074786 0.067190 0.089744
0 0.755598 0.266382 0.035739 0.051282
0 0.806348 0.344729 0.060042 0.051282
0 0.882115 0.351852 0.060042 0.056980
0 0.935724 0.352564 0.058612 0.086895
0 0.907847 0.596866 0.068619 0.065527
0 0.755598 0.752137 0.075767 0.068376
0 0.666250 0.731481 0.077197 0.066952
0 0.606209 0.662393 0.085774 0.054131
0 0.556889 0.558405 0.067190 0.068376
0 0.533301 0.181624 0.054324 0.089744
0 0.496847 0.250000 0.098640 0.095442
0 0.358179 0.259259 0.121513 0.082621
0 0.461108 0.469373 0.052894 0.089744
0 0.291704 0.557692 0.185844 0.081197
0 0.213078 0.383903 0.114365 0.098291