0 0.193297 0.247863 0.197685 0.441595
0 0.457511 0.198006 0.108347 0.162393
0 0.417119 0.329772 0.088388 0.143875
0 0.549226 0.147436 0.164421 0.215100
0 0.745010 0.185185 0.071281 0.193732
0 0.827221 0.227920 0.115950 0.170940
0 0.841477 0.304843 0.161570 0.142450
0 0.907530 0.413105 0.132107 0.119658
0 0.873791 0.552707 0.117851 0.125356
0 0.794907 0.634615 0.112148 0.152422
0 0.781601 0.779202 0.108347 0.116809
0 0.829597 0.936610 0.071281 0.103989
0 0.542573 0.667379 0.141611 0.141026
0 0.454660 0.597578 0.076033 0.132479
0 0.378627 0.744302 0.089338 0.089744
0 0.545424 0.922365 0.111198 0.146724
0 0.461788 0.818376 0.135909 0.189459
0 0.218483 0.618946 0.115000 0.126781
0 0.138649 0.654558 0.122603 0.149573
0 0.116314 0.762821 0.112148 0.132479
0 0.123917 0.921652 0.077934 0.131054
0 0.056914 0.117521 0.111198 0.143875