0 0.191219 0.183761 0.163818 0.088319
0 0.461874 0.196581 0.185185 0.099715
0 0.643498 0.183048 0.185185 0.115385
0 0.725407 0.126781 0.192308 0.116809
0 0.210806 0.289886 0.160256 0.086895
0 0.347914 0.386040 0.384615 0.113960
0 0.737871 0.378205 0.195869 0.064103
0 0.456532 0.548433 0.274217 0.096866
0 0.495706 0.621083 0.338319 0.074074
0 0.591860 0.678063 0.331197 0.079772
0 0.905438 0.703704 0.189123 0.099715
0 0.916122 0.801282 0.167756 0.078348
0 0.563370 0.825499 0.338319 0.155271
0 0.470777 0.954416 0.373932 0.082621