0 0.089548 0.147436 0.147198 0.109687
0 0.260488 0.183048 0.114910 0.075499
0 0.404363 0.185897 0.043685 0.049858
0 0.357829 0.252137 0.024691 0.048433
0 0.582901 0.155271 0.055081 0.037037
0 0.524971 0.222934 0.030389 0.055556
0 0.647478 0.146724 0.047483 0.054131
0 0.775683 0.150285 0.150047 0.075499
0 0.904363 0.241453 0.118708 0.183761
0 0.907687 0.779202 0.169041 0.125356
0 0.747193 0.872507 0.169041 0.138177
0 0.570555 0.738604 0.184236 0.118234
0 0.409111 0.654558 0.153846 0.146724
0 0.227250 0.610399 0.090218 0.132479
0 0.241495 0.874644 0.160494 0.133903
0 0.078152 0.674501 0.147198 0.169516