0 0.220940 0.383191 0.092922 0.071225
0 0.286700 0.571225 0.210146 0.122507
0 0.453960 0.470798 0.107217 0.038462
0 0.393203 0.271368 0.100070 0.064103
0 0.501135 0.232906 0.124372 0.186610
0 0.549741 0.565527 0.058612 0.068376
0 0.606923 0.634615 0.061471 0.032764
0 0.668395 0.732906 0.058612 0.078348
0 0.772753 0.749288 0.090063 0.079772
0 0.932864 0.612536 0.090063 0.094017
0 0.782045 0.351140 0.062901 0.061254
0 0.877111 0.361111 0.061471 0.075499
0 0.962885 0.381766 0.064330 0.065527
0 0.734155 0.269943 0.078626 0.038462
0 0.804203 0.108262 0.035739 0.079772