0 0.254693 0.769231 0.405983 0.447293
0 0.629337 0.651709 0.121083 0.143875
0 0.727627 0.715812 0.103989 0.169516
0 0.810248 0.678775 0.103989 0.138177
0 0.908539 0.634615 0.086895 0.109687
0 0.800989 0.870370 0.225071 0.176638
0 0.563097 0.779202 0.113960 0.131054
0 0.615092 0.262108 0.084046 0.119658
0 0.740448 0.354701 0.109687 0.213675
0 0.814522 0.324074 0.072650 0.163818
0 0.850847 0.253561 0.096866 0.102564
0 0.774636 0.103276 0.343305 0.189459
0 0.263952 0.103276 0.353276 0.195157
0 0.081616 0.263533 0.108262 0.116809
0 0.240448 0.343305 0.126781 0.145299
0 0.309536 0.361823 0.111111 0.136752
0 0.388596 0.272792 0.146724 0.112536