0 0.152570 0.380107 0.176732 0.140320
0 0.132144 0.545293 0.087922 0.133215
0 0.223618 0.498224 0.057726 0.081705
0 0.288006 0.571048 0.042629 0.063943
0 0.344400 0.529307 0.048845 0.065719
0 0.259142 0.643872 0.045293 0.060391
0 0.258698 0.791297 0.051510 0.085258
0 0.392801 0.809059 0.079929 0.063943
0 0.062428 0.738011 0.122558 0.305506
0 0.068201 0.115453 0.112789 0.190053
0 0.335075 0.052842 0.062167 0.105684
0 0.395022 0.068384 0.063055 0.095915
0 0.413672 0.178508 0.052398 0.088810
0 0.498929 0.266430 0.073712 0.119005
0 0.511363 0.373890 0.087922 0.092362
0 0.507810 0.469805 0.086146 0.060391
0 0.470954 0.574600 0.069272 0.028419
0 0.662339 0.233570 0.238899 0.355240
0 0.789338 0.213144 0.032860 0.115453
0 0.845288 0.235346 0.057726 0.202487
0 0.635252 0.538188 0.060391 0.111901
0 0.642357 0.674067 0.046181 0.088810
0 0.615714 0.753108 0.035524 0.087034
0 0.669444 0.781528 0.054174 0.079929
0 0.689871 0.690053 0.025755 0.071048
0 0.724506 0.580817 0.050622 0.090586
0 0.926105 0.609236 0.061279 0.126110
0 0.933210 0.716696 0.048845 0.053286
0 0.945643 0.814387 0.050622 0.110124
0 0.981037 0.871226 0.037926 0.085258
0 0.883476 0.108348 0.045293 0.104796
0 0.970954 0.373890 0.040853 0.120782