0 0.134364 0.525755 0.051510 0.140320
0 0.215625 0.498224 0.064831 0.113677
0 0.224062 0.362345 0.042629 0.119005
0 0.176105 0.362345 0.040853 0.129663
0 0.146798 0.375666 0.042629 0.131439
0 0.111274 0.398757 0.035524 0.124334
0 0.081966 0.183837 0.024867 0.081705
0 0.061984 0.113677 0.027531 0.069272
0 0.022020 0.153641 0.031083 0.081705
0 0.024684 0.065719 0.039964 0.055062
0 0.059764 0.767318 0.097691 0.147425
0 0.084187 0.881883 0.105684 0.163410
0 0.261363 0.799290 0.040853 0.062167
0 0.260030 0.634103 0.029307 0.083481
0 0.280457 0.557726 0.041741 0.065719
0 0.347952 0.529307 0.057726 0.087034
0 0.397686 0.789520 0.038188 0.056838
0 0.599728 0.817052 0.031972 0.037300
0 0.623707 0.748668 0.040853 0.074600
0 0.637029 0.662522 0.046181 0.072824
0 0.686762 0.680284 0.051510 0.087034
0 0.669444 0.777975 0.047069 0.069272
0 0.634808 0.541741 0.043517 0.062167
0 0.722730 0.590586 0.038188 0.049734
0 0.476283 0.574600 0.058615 0.063943
0 0.497597 0.481350 0.081705 0.069272
0 0.496265 0.368561 0.079041 0.092362
0 0.503370 0.268206 0.057726 0.065719
0 0.409231 0.176732 0.038188 0.088810
0 0.395910 0.080817 0.048845 0.106572
0 0.342180 0.038188 0.046181 0.071048
0 0.243601 0.033304 0.046181 0.066607
0 0.600617 0.233570 0.030195 0.081705
0 0.633920 0.215808 0.041741 0.092362
0 0.661007 0.314387 0.069272 0.111901
0 0.681434 0.223801 0.037300 0.111901
0 0.728059 0.243339 0.047069 0.115453
0 0.584187 0.111901 0.047069 0.079929
0 0.629480 0.103020 0.039964 0.094139
0 0.671220 0.104796 0.050622 0.104796
0 0.718290 0.111901 0.050622 0.097691
0 0.760919 0.119893 0.041741 0.063943
0 0.788894 0.216696 0.049734 0.104796
0 0.833299 0.213144 0.051510 0.097691
0 0.864382 0.259325 0.037300 0.122558
0 0.828858 0.600355 0.033748 0.101243
0 0.859942 0.544405 0.028419 0.106572
0 0.857721 0.445826 0.048845 0.104796
0 0.898130 0.540853 0.021314 0.074600
0 0.917224 0.605684 0.043517 0.069272
0 0.934986 0.709591 0.045293 0.078153
0 0.951416 0.816163 0.047957 0.063943
0 0.980723 0.861456 0.031972 0.079929
0 0.895022 0.214920 0.047069 0.069272
0 0.876815 0.123446 0.067496 0.071048
0 0.903458 0.035080 0.049734 0.070160