0 0.069977 0.406059 0.096803 0.184725
0 0.198752 0.472370 0.100355 0.228932
0 0.305768 0.434478 0.111901 0.254194
0 0.366158 0.223702 0.094139 0.268403
0 0.130368 0.678409 0.123446 0.233669
0 0.200972 0.850503 0.106572 0.271561
0 0.334187 0.822084 0.127886 0.246300
0 0.476727 0.680778 0.039964 0.137359
0 0.697419 0.619203 0.076377 0.194198
0 0.788894 0.817348 0.168739 0.176830
0 0.909231 0.895500 0.135879 0.178409
0 0.808876 0.611308 0.119893 0.209986
0 0.846620 0.323959 0.110124 0.191040
0 0.784453 0.106868 0.092362 0.189461
0 0.703636 0.134498 0.124334 0.222617
0 0.672997 0.305013 0.093250 0.191040