0 0.154331 0.034900 0.138760 0.069800
0 0.174289 0.150285 0.072231 0.078348
0 0.143876 0.267806 0.095041 0.071225
0 0.102533 0.359687 0.111198 0.078348
0 0.068319 0.445869 0.101694 0.068376
0 0.227512 0.608974 0.100743 0.118234
0 0.156231 0.648860 0.117851 0.143875
0 0.120591 0.760684 0.116900 0.131054
0 0.124393 0.916667 0.086487 0.129630
0 0.491726 0.953704 0.079834 0.092592
0 0.466540 0.787749 0.097892 0.102564
0 0.491726 0.705840 0.106446 0.115385
0 0.553027 0.642450 0.095991 0.153846
0 0.392408 0.449430 0.115000 0.132479
0 0.436127 0.358974 0.113099 0.085470
0 0.471767 0.271368 0.123553 0.095442
0 0.501230 0.151709 0.112148 0.126781
0 0.480796 0.042023 0.113099 0.052707
0 0.844803 0.123219 0.095991 0.101140
0 0.803936 0.242165 0.101694 0.094017
0 0.774473 0.349715 0.095991 0.106838
0 0.715072 0.416667 0.085537 0.075499
0 0.833398 0.941595 0.082686 0.111111
0 0.801559 0.767806 0.100743 0.128205
0 0.838625 0.666667 0.112148 0.136752
0 0.910381 0.624644 0.130206 0.138177