0 0.135747 0.410969 0.068376 0.047009
0 0.264664 0.404558 0.069801 0.045584
0 0.330191 0.400285 0.075499 0.062678
0 0.298852 0.322650 0.066952 0.072650
0 0.355832 0.314103 0.044160 0.069801
0 0.420647 0.347578 0.059829 0.076923
0 0.450562 0.279915 0.054131 0.072650
0 0.476203 0.154558 0.059829 0.069801
0 0.486174 0.302707 0.059829 0.061254
0 0.288881 0.451567 0.072650 0.039886
0 0.402841 0.472934 0.055556 0.048433
0 0.455547 0.500000 0.052707 0.042735
0 0.427057 0.566952 0.052707 0.042735
0 0.424921 0.616097 0.059829 0.035613
0 0.487599 0.606838 0.071225 0.062678
0 0.505405 0.670228 0.058405 0.058405
0 0.500419 0.801994 0.051282 0.068376
0 0.546715 0.721510 0.044160 0.089744
0 0.590875 0.683761 0.052707 0.091168
0 0.648567 0.730057 0.051282 0.061254
0 0.677770 0.702991 0.066952 0.064103
0 0.651416 0.620370 0.068376 0.061254
0 0.721217 0.594729 0.094017 0.044160
0 0.824493 0.598291 0.081197 0.037037
0 0.803838 0.552707 0.062678 0.031339
0 0.699137 0.542023 0.047009 0.052707
0 0.642869 0.527066 0.048433 0.068376
0 0.651416 0.470085 0.039886 0.051282
0 0.559536 0.496439 0.058405 0.064103
0 0.496146 0.482194 0.042735 0.047009
0 0.483325 0.424501 0.065527 0.062678