0 0.213731 0.617521 0.101694 0.112536
0 0.150529 0.668803 0.112148 0.129630
0 0.111087 0.762108 0.080785 0.122507
0 0.139124 0.923077 0.108347 0.122507
0 0.370549 0.735043 0.082686 0.111111
0 0.433751 0.786325 0.098843 0.116809
0 0.476044 0.844017 0.088388 0.132479
0 0.514536 0.918091 0.093140 0.160969
0 0.580114 0.652422 0.083636 0.179487
0 0.506457 0.652422 0.084586 0.156695
0 0.455135 0.579060 0.076983 0.132479
0 0.808212 0.924501 0.096942 0.102564
0 0.786353 0.792023 0.112148 0.142450
0 0.802510 0.645299 0.127355 0.119658
0 0.876167 0.554843 0.139710 0.123932
0 0.919885 0.413818 0.103595 0.143875
0 0.875216 0.328348 0.115000 0.178063
0 0.828646 0.224359 0.101694 0.180912
0 0.746436 0.193732 0.114049 0.239316
0 0.414743 0.341880 0.070330 0.150997
0 0.460362 0.192308 0.077934 0.162393
0 0.538771 0.092593 0.082686 0.153846
0 0.595796 0.190883 0.111198 0.176638
0 0.240343 0.403846 0.099793 0.109687
0 0.246520 0.296296 0.096942 0.182336
0 0.193773 0.215812 0.067479 0.198006
0 0.120116 0.146724 0.079834 0.225071
0 0.055963 0.123219 0.099793 0.143875