0 0.084884 0.792735 0.096866 0.055556
0 0.171778 0.044872 0.128205 0.066952
0 0.251551 0.109687 0.105413 0.054131
0 0.260098 0.179487 0.156695 0.059829
0 0.354115 0.224359 0.111111 0.052707
0 0.374058 0.276353 0.150997 0.054131
0 0.678901 0.172365 0.179487 0.085470
0 0.725910 0.258547 0.205128 0.081197
0 0.819927 0.290598 0.142450 0.074074
0 0.932462 0.320513 0.111111 0.082621
0 0.146137 0.719373 0.059829 0.045584
0 0.194571 0.694444 0.048433 0.047009
0 0.265796 0.716524 0.059829 0.054131
0 0.433887 0.845442 0.071225 0.047009
0 0.562092 0.794872 0.082621 0.056980
0 0.663231 0.744302 0.068376 0.055556
0 0.770069 0.718661 0.105413 0.069801
0 0.852690 0.764957 0.099715 0.065527
0 0.955547 0.881054 0.088905 0.064103
0 0.624770 0.063390 0.116809 0.092593