0 0.077970 0.421847 0.102131 0.219459
0 0.204968 0.479475 0.086146 0.208407
0 0.297331 0.411585 0.077265 0.236827
0 0.377260 0.237912 0.105684 0.249457
0 0.136585 0.711565 0.126998 0.173673
0 0.202748 0.863923 0.129663 0.263667
0 0.307100 0.856029 0.139432 0.266825
0 0.478947 0.691829 0.076377 0.235248
0 0.683210 0.601835 0.108348 0.251036
0 0.782677 0.621571 0.166963 0.173673
0 0.795998 0.805506 0.154529 0.159463
0 0.892801 0.896290 0.182948 0.205250
0 0.805323 0.348431 0.150089 0.173673
0 0.800439 0.111851 0.122558 0.223702
0 0.698308 0.098184 0.134991 0.168936
0 0.666336 0.277383 0.067496 0.192619