0 0.118653 0.309829 0.125356 0.109687
0 0.142157 0.220798 0.109687 0.085470
0 0.225490 0.172365 0.122507 0.091168
0 0.489023 0.235755 0.139601 0.146724
0 0.623639 0.048433 0.084046 0.039886
0 0.766801 0.089744 0.108262 0.071225
0 0.823781 0.096866 0.071225 0.096866
0 0.835177 0.182336 0.091168 0.102564
0 0.694151 0.388889 0.119658 0.139601
0 0.805262 0.393875 0.119658 0.092593
0 0.811673 0.477208 0.112536 0.099715
0 0.667086 0.737892 0.099715 0.128205
0 0.568795 0.429487 0.096866 0.092593
0 0.176345 0.482906 0.098291 0.099715