0 0.384263 0.212560 0.180268 0.077295
0 0.463946 0.277778 0.146305 0.101449
0 0.547549 0.320652 0.156755 0.080918
0 0.654665 0.351449 0.167205 0.070048
0 0.183094 0.788647 0.065315 0.031401
0 0.271921 0.769324 0.080990 0.041063
0 0.346380 0.764493 0.078377 0.050725
0 0.385569 0.797101 0.083603 0.038647
0 0.386875 0.909420 0.065315 0.055556
0 0.557999 0.827295 0.088828 0.050725
0 0.606332 0.800725 0.096666 0.050725
0 0.686016 0.801932 0.099278 0.057971
0 0.793132 0.827899 0.083603 0.049517
0 0.942049 0.846014 0.067927 0.044686