0 0.176052 0.332621 0.113960 0.069801
0 0.244428 0.399573 0.113960 0.084046
0 0.309955 0.473647 0.188034 0.086895
0 0.281465 0.559117 0.170940 0.069801
0 0.701693 0.546296 0.196581 0.066952
0 0.700269 0.490028 0.193732 0.065527
0 0.745853 0.401709 0.170940 0.065527
0 0.862662 0.326211 0.176638 0.065527
0 0.180325 0.844729 0.122507 0.076923
0 0.043866 0.821225 0.087732 0.092593
0 0.546422 0.879630 0.113960 0.075499
0 0.713089 0.904558 0.111111 0.099715
0 0.876907 0.889601 0.125356 0.069801
0 0.947000 0.821225 0.105999 0.064103
0 0.238730 0.781339 0.142450 0.047009