0 0.064873 0.423789 0.110349 0.109687
0 0.197101 0.547721 0.104641 0.146724
0 0.296986 0.587607 0.076102 0.141026
0 0.386406 0.541311 0.117959 0.150997
0 0.435873 0.831197 0.144595 0.095442
0 0.418750 0.904558 0.133179 0.076923
0 0.355014 0.939459 0.112251 0.069801
0 0.215176 0.955128 0.163620 0.084046
0 0.579516 0.692308 0.104641 0.048433
0 0.716501 0.729345 0.108446 0.031339
0 0.766918 0.767806 0.129374 0.042735
0 0.720306 0.831197 0.119861 0.038462
0 0.791652 0.860399 0.102738 0.065527
0 0.892487 0.865385 0.129374 0.078348
0 0.909610 0.938034 0.110349 0.078348
0 0.577614 0.950142 0.100836 0.056980
0 0.672742 0.609687 0.127472 0.136752
0 0.810677 0.613960 0.117959 0.131054
0 0.905805 0.549145 0.095128 0.115385
0 0.540514 0.497863 0.087518 0.098291
0 0.131463 0.272792 0.216892 0.078348
0 0.235153 0.255698 0.100836 0.086895
0 0.348355 0.247863 0.159815 0.102564
0 0.345501 0.134615 0.154107 0.086895
0 0.384504 0.057692 0.072297 0.075499
0 0.548124 0.212251 0.117959 0.074074
0 0.712695 0.241453 0.154107 0.101140
0 0.848728 0.263533 0.152205 0.128205
0 0.911513 0.187322 0.144595 0.129630
0 0.951467 0.079772 0.091323 0.096866
0 0.949564 0.448718 0.087518 0.099715