0 0.121931 0.595520 0.083481 0.131044
0 0.163672 0.689461 0.111901 0.148411
0 0.217402 0.766825 0.107460 0.119992
0 0.232499 0.902605 0.116341 0.110519
0 0.490492 0.942619 0.131439 0.114762
0 0.486052 0.821295 0.085258 0.140517
0 0.450972 0.695777 0.084369 0.132623
0 0.408343 0.566311 0.111012 0.132623
0 0.499373 0.455003 0.081705 0.118413
0 0.483831 0.336590 0.080817 0.118413
0 0.468290 0.200809 0.074600 0.124729
0 0.428769 0.095027 0.095027 0.127886
0 0.144577 0.093448 0.095027 0.168936
0 0.202304 0.169232 0.089698 0.105783
0 0.233387 0.305013 0.100355 0.137359
0 0.238272 0.445530 0.117229 0.089994
0 0.683654 0.600257 0.082593 0.105783
0 0.742712 0.687882 0.092362 0.151569
0 0.790670 0.762877 0.078153 0.131044
0 0.839959 0.903395 0.102131 0.159463
0 0.760919 0.453424 0.114565 0.077363
0 0.751149 0.352378 0.100355 0.105783
0 0.739604 0.187389 0.105684 0.097888
0 0.733387 0.059503 0.093250 0.082100