0 0.161807 0.058405 0.182336 0.085470
0 0.248702 0.109687 0.111111 0.039886
0 0.235881 0.185185 0.193732 0.074074
0 0.324200 0.216524 0.170940 0.071225
0 0.356964 0.267094 0.202279 0.058405
0 0.631892 0.182336 0.199430 0.113960
0 0.724485 0.247863 0.168091 0.082621
0 0.846992 0.293447 0.145299 0.076923
0 0.923915 0.316952 0.116809 0.109687
0 0.066365 0.779202 0.054131 0.042735
0 0.140439 0.722222 0.065527 0.059829
0 0.201693 0.712963 0.068376 0.061254
0 0.265796 0.721510 0.071225 0.081197
0 0.455254 0.839031 0.108262 0.056980
0 0.557818 0.800570 0.062678 0.065527
0 0.648986 0.735043 0.056980 0.088319
0 0.770069 0.719373 0.065527 0.065527
0 0.844143 0.774217 0.099715 0.078348
0 0.952698 0.891026 0.094603 0.078348
0 0.610525 0.075499 0.099715 0.099715