0 0.218787 0.276353 0.131054 0.105413
0 0.379756 0.270655 0.162393 0.113960
0 0.482320 0.216524 0.133903 0.082621
0 0.361237 0.128917 0.096866 0.095442
0 0.233032 0.139601 0.102564 0.108262
0 0.127619 0.102564 0.102564 0.116809
0 0.031046 0.253561 0.062092 0.094017
0 0.143288 0.777066 0.105413 0.078348
0 0.223061 0.808405 0.059829 0.052707
0 0.288588 0.789886 0.071225 0.052707
0 0.362662 0.753561 0.071225 0.054131
0 0.163231 0.860399 0.088319 0.065527
0 0.277192 0.913818 0.076923 0.069801
0 0.364086 0.931624 0.091168 0.062678
0 0.396850 0.882479 0.094017 0.061254
0 0.765796 0.707977 0.199430 0.059829
0 0.681750 0.787749 0.282051 0.054131
0 0.681750 0.855413 0.242165 0.055556
0 0.733032 0.916667 0.219373 0.066952
0 0.639015 0.245726 0.088319 0.072650
0 0.691722 0.287749 0.068376 0.074074
0 0.785739 0.277066 0.102564 0.072650
0 0.878331 0.229345 0.111111 0.059829
0 0.606251 0.109687 0.142450 0.056980
0 0.761522 0.148860 0.150997 0.075499
0 0.845568 0.137464 0.136752 0.081197
0 0.852690 0.072650 0.162393 0.085470