0 0.118653 0.400997 0.116809 0.066952
0 0.269650 0.405271 0.071225 0.038462
0 0.295291 0.451567 0.068376 0.028490
0 0.334465 0.388889 0.081197 0.062678
0 0.303838 0.303419 0.051282 0.062678
0 0.356545 0.316952 0.045584 0.055556
0 0.419223 0.339031 0.068376 0.065527
0 0.456260 0.277066 0.025641 0.058405
0 0.477627 0.153134 0.062678 0.084046
0 0.489023 0.306980 0.056980 0.075499
0 0.478339 0.414530 0.061254 0.059829
0 0.407827 0.466524 0.051282 0.044160
0 0.466231 0.498575 0.031339 0.039886
0 0.491160 0.477208 0.044160 0.051282
0 0.555262 0.485043 0.049858 0.044160
0 0.648567 0.462963 0.062678 0.037037
0 0.640020 0.522080 0.059829 0.038462
0 0.690590 0.545584 0.069801 0.034188
0 0.798852 0.544872 0.086895 0.032764
0 0.837314 0.586182 0.075499 0.055556
0 0.707684 0.588319 0.081197 0.045584
0 0.657827 0.610399 0.098291 0.064103
0 0.680619 0.684473 0.086895 0.052707
0 0.650704 0.730057 0.064103 0.061254
0 0.594436 0.685185 0.045584 0.059829
0 0.557399 0.723647 0.059829 0.059829
0 0.510391 0.801994 0.045584 0.062678
0 0.523211 0.837607 0.045584 0.062678
0 0.509678 0.665242 0.055556 0.071225
0 0.484750 0.613248 0.068376 0.055556
0 0.416374 0.558405 0.076923 0.048433
0 0.432755 0.611823 0.064103 0.055556
0 0.882186 0.965812 0.094017 0.068376