0 0.223710 0.615385 0.085537 0.119658
0 0.144826 0.673077 0.104545 0.158120
0 0.129620 0.780627 0.112148 0.153846
0 0.124868 0.905271 0.087438 0.126781
0 0.354867 0.750000 0.081735 0.086895
0 0.437553 0.792735 0.076033 0.123932
0 0.478420 0.844017 0.110248 0.103989
0 0.510259 0.920940 0.080785 0.143875
0 0.579164 0.678063 0.045620 0.196581
0 0.509309 0.658120 0.069380 0.165242
0 0.453234 0.579060 0.078884 0.149573
0 0.812014 0.918803 0.091239 0.142450
0 0.775423 0.761396 0.126404 0.126781
0 0.779225 0.618946 0.151115 0.138177
0 0.878543 0.558405 0.131157 0.119658
0 0.924162 0.398148 0.108347 0.121083
0 0.874266 0.326211 0.113099 0.170940
0 0.820092 0.207265 0.084586 0.198006
0 0.749762 0.196581 0.071281 0.205128
0 0.563007 0.120370 0.121652 0.220798
0 0.463689 0.207977 0.090289 0.148148
0 0.408565 0.336895 0.111198 0.220798
0 0.231314 0.393162 0.125454 0.116809
0 0.245095 0.306268 0.071281 0.133903
0 0.200425 0.220085 0.092190 0.152422
0 0.141975 0.125356 0.083636 0.173789
0 0.060240 0.143875 0.098843 0.196581