0 0.116223 0.323362 0.199430 0.068376
0 0.110818 0.248575 0.221636 0.049858
0 0.163231 0.168091 0.213675 0.082621
0 0.272918 0.084758 0.131054 0.055556
0 0.439585 0.081197 0.133903 0.074074
0 0.512234 0.157407 0.136752 0.098291
0 0.560667 0.227920 0.159544 0.091168
0 0.540724 0.307692 0.193732 0.076923
0 0.837021 0.087607 0.108262 0.047009
0 0.805682 0.165242 0.102564 0.054131
0 0.879756 0.192308 0.108262 0.034188
0 0.894001 0.230769 0.119658 0.042735
0 0.133317 0.646011 0.125356 0.084046
0 0.033895 0.722222 0.067790 0.074074
0 0.257249 0.619658 0.111111 0.094017
0 0.365511 0.672365 0.088319 0.082621
0 0.547847 0.659544 0.099715 0.054131
0 0.624770 0.611111 0.111111 0.065527
0 0.681750 0.584758 0.076923 0.052707
0 0.817078 0.608974 0.062678 0.044160
0 0.941009 0.724359 0.076923 0.075499
0 0.594855 0.824786 0.096866 0.042735
0 0.744428 0.805556 0.099715 0.044160
0 0.842719 0.841168 0.096866 0.066952
0 0.858388 0.893162 0.168091 0.062678