0 0.530194 0.014957 0.037037 0.029914
0 0.564382 0.107550 0.027540 0.038462
0 0.558209 0.161681 0.039886 0.032764
0 0.434752 0.159544 0.047483 0.025641
0 0.399615 0.176638 0.041785 0.025641
0 0.389168 0.194444 0.037987 0.035613
0 0.412910 0.245726 0.026591 0.029915
0 0.495056 0.316239 0.019943 0.025641
0 0.462768 0.339031 0.033238 0.017094
0 0.426680 0.401709 0.031339 0.031339
0 0.410061 0.430199 0.047483 0.022792
0 0.420982 0.473647 0.037037 0.024217
0 0.550137 0.609687 0.031339 0.045584
0 0.563907 0.655271 0.036087 0.014245
0 0.414335 0.678063 0.057930 0.025641
0 0.398190 0.725071 0.044634 0.028490
0 0.405788 0.767094 0.054131 0.035613
0 0.360678 0.784900 0.053181 0.048433
0 0.474638 0.785613 0.034188 0.021368
0 0.454695 0.840456 0.043685 0.059829
0 0.457544 0.899573 0.030389 0.029915
0 0.473689 0.957265 0.087369 0.059829
0 0.414335 0.980769 0.037037 0.029915