0 0.070639 0.622507 0.108262 0.056980
0 0.148986 0.592593 0.076923 0.051282
0 0.231608 0.580484 0.116809 0.081197
0 0.358388 0.599003 0.131054 0.072650
0 0.107676 0.836182 0.108262 0.062678
0 0.262947 0.802707 0.094017 0.066952
0 0.362662 0.800570 0.094017 0.062678
0 0.405397 0.844729 0.128205 0.065527
0 0.621921 0.619658 0.099715 0.031339
0 0.727334 0.576923 0.071225 0.068376
0 0.849841 0.558405 0.082621 0.051282
0 0.892576 0.601852 0.111111 0.092593
0 0.703118 0.784900 0.074074 0.051282
0 0.785739 0.799145 0.113960 0.039886
0 0.781465 0.863960 0.122507 0.052707
0 0.767220 0.931624 0.111111 0.042735
0 0.808531 0.078348 0.085470 0.068376
0 0.643288 0.084758 0.153846 0.078348
0 0.574912 0.143875 0.079772 0.059829
0 0.299984 0.239316 0.145299 0.045584
0 0.308531 0.171652 0.133903 0.052707
0 0.261522 0.094729 0.102564 0.081197
0 0.157533 0.059117 0.076923 0.072650