0 0.111493 0.267094 0.222986 0.203704
0 0.393843 0.207977 0.234928 0.253561
0 0.698182 0.227208 0.284049 0.269231
0 0.930782 0.272080 0.138436 0.236467
0 0.252886 0.656695 0.187942 0.088319
0 0.252886 0.746439 0.149500 0.071225
0 0.157847 0.810541 0.185807 0.062678
0 0.080962 0.898148 0.126007 0.064103
0 0.213376 0.938746 0.083293 0.068376
0 0.348993 0.913818 0.136685 0.075499
0 0.482475 0.832621 0.079021 0.064103
0 0.540139 0.717949 0.164450 0.148148
0 0.678960 0.729345 0.185807 0.162393
0 0.832731 0.774217 0.177264 0.166667
0 0.927578 0.868234 0.144844 0.166667