0 0.060652 0.383955 0.103020 0.238405
0 0.193867 0.462897 0.103020 0.219459
0 0.309320 0.438425 0.108348 0.246300
0 0.359942 0.227649 0.103020 0.244721
0 0.130368 0.679988 0.134103 0.183146
0 0.198308 0.834715 0.150977 0.208407
0 0.315537 0.830768 0.113677 0.247878
0 0.474062 0.663410 0.073712 0.209986
0 0.700972 0.583679 0.117229 0.239984
0 0.794666 0.599467 0.155417 0.138938
0 0.790670 0.834715 0.186501 0.239984
0 0.911895 0.887606 0.139432 0.200513
0 0.831966 0.321591 0.134103 0.211565
0 0.793334 0.101589 0.126110 0.203177
0 0.687206 0.142392 0.107460 0.238405
0 0.665004 0.295540 0.100355 0.200513