0 0.174921 0.491453 0.081197 0.079772
0 0.110818 0.321937 0.101140 0.088319
0 0.136459 0.220798 0.118234 0.088319
0 0.217656 0.188746 0.138177 0.106838
0 0.492584 0.243590 0.103989 0.102564
0 0.588026 0.413818 0.078348 0.055556
0 0.692015 0.388177 0.078348 0.084046
0 0.796003 0.389601 0.103989 0.064103
0 0.815946 0.458689 0.095442 0.074074
0 0.689878 0.717236 0.116809 0.123932
0 0.838738 0.163818 0.084046 0.056980
0 0.838026 0.088319 0.091168 0.071225
0 0.762527 0.076923 0.076923 0.085470
0 0.632186 0.067664 0.101140 0.078348