0 0.064780 0.422365 0.129560 0.121083
0 0.194248 0.561254 0.125569 0.168091
0 0.279863 0.576211 0.117959 0.180912
0 0.378796 0.564103 0.106543 0.199430
0 0.325524 0.719373 0.121764 0.065527
0 0.421604 0.823362 0.108446 0.079772
0 0.413993 0.910256 0.104641 0.068376
0 0.355965 0.942308 0.102738 0.064103
0 0.209468 0.943020 0.136984 0.048433
0 0.554783 0.693732 0.100836 0.054131
0 0.715549 0.732906 0.129374 0.035613
0 0.758357 0.769231 0.123666 0.042735
0 0.724111 0.829772 0.119861 0.038462
0 0.772626 0.862536 0.117959 0.069801
0 0.900098 0.859687 0.083713 0.069801
0 0.921977 0.930912 0.116056 0.075499
0 0.589029 0.945157 0.085615 0.055556
0 0.689865 0.609687 0.135082 0.131054
0 0.804018 0.612536 0.078005 0.113960
0 0.889634 0.556980 0.097031 0.133903
0 0.519585 0.482194 0.133179 0.109687
0 0.120999 0.274929 0.184548 0.079772
0 0.218981 0.255698 0.144595 0.095442
0 0.347404 0.247151 0.184548 0.112536
0 0.338842 0.132479 0.186451 0.074074
0 0.361673 0.054131 0.110349 0.059829
0 0.719354 0.235043 0.129374 0.099715
0 0.858241 0.260684 0.133179 0.128205
0 0.912464 0.168803 0.123666 0.115385
0 0.949098 0.070513 0.101804 0.069801
0 0.564296 0.219373 0.081810 0.108262