0 0.140581 0.207914 0.031972 0.066311
0 0.107721 0.233175 0.039076 0.142096
0 0.083299 0.346063 0.032860 0.083679
0 0.115270 0.721038 0.032860 0.075784
0 0.092624 0.721038 0.056838 0.066311
0 0.085963 0.799980 0.050622 0.056838
0 0.072197 0.856029 0.044405 0.083679
0 0.207188 0.715512 0.030195 0.071048
0 0.248041 0.725775 0.039076 0.053681
0 0.248485 0.775508 0.059503 0.055260
0 0.237828 0.853661 0.045293 0.066311
0 0.421220 0.859187 0.044405 0.115256
0 0.470954 0.788139 0.035524 0.067890
0 0.480723 0.732879 0.042629 0.077363
0 0.512695 0.713933 0.055062 0.093152
0 0.565537 0.773929 0.048845 0.118413
0 0.569089 0.891553 0.038188 0.082100
0 0.817757 0.640517 0.064831 0.116834
0 0.874595 0.686304 0.048845 0.094731
0 0.872819 0.805506 0.064831 0.074206
0 0.704524 0.705250 0.069272 0.154727
0 0.743601 0.271857 0.056838 0.127886
0 0.768467 0.213440 0.056838 0.093152
0 0.818645 0.199230 0.052398 0.102625
0 0.867490 0.120288 0.055950 0.061575
0 0.914560 0.133708 0.052398 0.066311
0 0.927881 0.208703 0.073712 0.067890
0 0.917224 0.282909 0.070160 0.089994
0 0.732943 0.380797 0.063943 0.131044
0 0.417668 0.185810 0.046181 0.088415
0 0.363050 0.204756 0.055950 0.085258
0 0.344400 0.253700 0.043517 0.082100
0 0.340403 0.312907 0.026643 0.089994
0 0.469622 0.062660 0.055950 0.078942
0 0.525128 0.057134 0.030195 0.042629
0 0.537117 0.116341 0.054174 0.053681
0 0.526460 0.206335 0.057726 0.063154
0 0.154347 0.184231 0.075488 0.167357