0 0.173203 0.160969 0.170940 0.099715
0 0.288588 0.073362 0.122507 0.052707
0 0.097998 0.233618 0.195995 0.082621
0 0.140439 0.301282 0.202279 0.041311
0 0.453830 0.094017 0.116809 0.079772
0 0.533602 0.153134 0.145299 0.092593
0 0.557818 0.222222 0.165242 0.071225
0 0.567790 0.306268 0.150997 0.068376
0 0.114798 0.654558 0.076923 0.061254
0 0.280041 0.636752 0.145299 0.091168
0 0.346992 0.660256 0.056980 0.078348
0 0.539300 0.658832 0.082621 0.086895
0 0.621921 0.598291 0.054131 0.065527
0 0.688873 0.579772 0.062678 0.042735
0 0.805682 0.600427 0.062678 0.052707
0 0.966943 0.715100 0.066113 0.088319
0 0.577761 0.821225 0.142450 0.052707
0 0.720212 0.808405 0.096866 0.055556
0 0.829898 0.834046 0.071225 0.066952
0 0.874058 0.896011 0.119658 0.074074
0 0.898274 0.225783 0.122507 0.029915
0 0.875482 0.205840 0.076923 0.058405
0 0.807106 0.168803 0.099715 0.072650
0 0.837021 0.071937 0.085470 0.035613
0 0.772918 0.039886 0.116809 0.048433
0 0.028197 0.726496 0.056394 0.065527