0 0.182043 0.431624 0.129630 0.168091
0 0.226915 0.376068 0.076923 0.150997
0 0.292442 0.354701 0.082621 0.125356
0 0.340875 0.320513 0.105413 0.145299
0 0.148567 0.178775 0.085470 0.172365
0 0.238311 0.137464 0.051282 0.158120
0 0.301701 0.119658 0.089744 0.185185
0 0.382186 0.164530 0.085470 0.183761
0 0.605832 0.280627 0.111111 0.113960
0 0.628624 0.439459 0.125356 0.126781
0 0.697713 0.530627 0.106838 0.166667
0 0.813809 0.485755 0.133903 0.196581
0 0.766801 0.273504 0.131054 0.108262
0 0.879337 0.257835 0.148148 0.091168
0 0.890020 0.141738 0.172365 0.121083
0 0.951274 0.384615 0.075499 0.153846
0 0.149992 0.857550 0.282051 0.156695
0 0.143582 0.712963 0.052707 0.095442
0 0.199849 0.717236 0.045584 0.092593
0 0.441302 0.725783 0.044160 0.106838
0 0.496858 0.774929 0.041311 0.111111
0 0.537456 0.745014 0.039886 0.088319
0 0.396431 0.852564 0.122507 0.101140
0 0.461958 0.938746 0.065527 0.105413
0 0.531758 0.912393 0.088319 0.101140
0 0.568795 0.858974 0.082621 0.131054
0 0.578054 0.673077 0.064103 0.106838
0 0.900704 0.819801 0.088319 0.084046
0 0.924208 0.752137 0.109687 0.082621
0 0.860106 0.885328 0.086895 0.078348
0 0.761815 0.933761 0.055556 0.041311