0 0.113494 0.330029 0.075488 0.132578
0 0.169444 0.358924 0.068384 0.125779
0 0.203192 0.492351 0.059503 0.144476
0 0.229835 0.610481 0.082593 0.139376
0 0.103281 0.493201 0.087034 0.118980
0 0.421220 0.539943 0.062167 0.130878
0 0.472286 0.536544 0.070160 0.154674
0 0.533121 0.528895 0.071048 0.183569
0 0.585075 0.483003 0.050622 0.173371
0 0.643245 0.439660 0.078153 0.185269
0 0.599284 0.815297 0.059503 0.100283
0 0.532677 0.907931 0.045293 0.132578
0 0.491824 0.811047 0.050622 0.146175
0 0.431434 0.762605 0.075488 0.151274
0 0.370155 0.616430 0.098579 0.093484
0 0.852837 0.658073 0.065719 0.258356
0 0.777348 0.645325 0.072824 0.290651
0 0.712517 0.707365 0.051510 0.312747
0 0.765803 0.322380 0.065719 0.256656
0 0.827082 0.207650 0.053286 0.316146
0 0.883032 0.240794 0.079929 0.338243
0 0.958965 0.325780 0.066607 0.321246
0 0.924329 0.788951 0.059503 0.265155