0 0.163835 0.042735 0.108347 0.085470
0 0.168587 0.160969 0.076033 0.088319
0 0.155281 0.260684 0.108347 0.082621
0 0.121541 0.363248 0.094091 0.094017
0 0.048653 0.407407 0.097306 0.091168
0 0.223235 0.596866 0.124504 0.139601
0 0.155281 0.654558 0.095041 0.146724
0 0.109186 0.752849 0.126404 0.155271
0 0.121541 0.900285 0.069380 0.131054
0 0.486024 0.943020 0.066529 0.113960
0 0.476044 0.799858 0.084586 0.129630
0 0.487449 0.696581 0.099793 0.111111
0 0.536870 0.632479 0.130206 0.193732
0 0.382904 0.438746 0.126404 0.122507
0 0.430425 0.342593 0.122603 0.126781
0 0.491251 0.266382 0.103595 0.091168
0 0.503131 0.166667 0.106446 0.113960
0 0.467015 0.038462 0.140661 0.076923
0 0.808688 0.120370 0.137809 0.138177
0 0.793481 0.249288 0.113099 0.094017
0 0.766394 0.353276 0.114049 0.150997
0 0.716498 0.406695 0.134008 0.115385
0 0.906105 0.601140 0.102644 0.148148
0 0.849080 0.685897 0.110248 0.163818
0 0.805361 0.751425 0.085537 0.123932
0 0.805836 0.935185 0.086487 0.109687