0 0.158343 0.468423 0.049734 0.113677
0 0.208077 0.437636 0.030195 0.134202
0 0.248485 0.503158 0.041741 0.129465
0 0.261807 0.657095 0.016874 0.089994
0 0.289782 0.630255 0.024867 0.093152
0 0.301771 0.489738 0.038188 0.149990
0 0.342180 0.450266 0.042629 0.127886
0 0.391913 0.500000 0.028419 0.129465
0 0.472730 0.695777 0.053286 0.161042
0 0.615270 0.694198 0.142984 0.306296
0 0.711185 0.336590 0.123446 0.254194
0 0.794222 0.442372 0.133215 0.184725
0 0.845732 0.597099 0.156306 0.209986
0 0.873263 0.769193 0.119005 0.140517