0 0.124868 0.125356 0.083636 0.202279
0 0.185219 0.204416 0.095991 0.160969
0 0.226562 0.287037 0.112148 0.143875
0 0.235591 0.400285 0.094091 0.105413
0 0.218483 0.607550 0.073182 0.129630
0 0.140550 0.662393 0.092190 0.136752
0 0.122492 0.775641 0.103595 0.138177
0 0.121541 0.915954 0.069380 0.136752
0 0.361045 0.736467 0.124504 0.113960
0 0.431375 0.794160 0.116900 0.132479
0 0.483172 0.849003 0.106446 0.122507
0 0.524040 0.897436 0.083636 0.088319
0 0.589143 0.681624 0.037066 0.192308
0 0.505032 0.659544 0.076033 0.156695
0 0.455610 0.590456 0.085537 0.160969
0 0.409516 0.318376 0.086487 0.126781
0 0.473668 0.198006 0.095041 0.136752
0 0.556354 0.124644 0.163470 0.240741
0 0.745010 0.199430 0.094091 0.188034
0 0.831022 0.222934 0.117851 0.160969
0 0.892324 0.336182 0.158718 0.202279
0 0.888047 0.567664 0.114049 0.118234
0 0.789679 0.646011 0.134008 0.152422
0 0.776849 0.757835 0.085537 0.116809
0 0.810588 0.925926 0.082686 0.119658