0 0.439427 0.187389 0.047069 0.088415
0 0.351505 0.372114 0.061279 0.059996
0 0.347952 0.448688 0.045293 0.052102
0 0.374151 0.501579 0.051510 0.050523
0 0.435874 0.526051 0.054174 0.067890
0 0.567313 0.743142 0.048845 0.063154
0 0.624151 0.721828 0.041741 0.071048
0 0.662784 0.671305 0.063943 0.071048
0 0.666780 0.604993 0.061279 0.064733
0 0.450528 0.886817 0.042629 0.056838
0 0.384808 0.893921 0.044405 0.052102
0 0.347508 0.882080 0.040853 0.072627
0 0.353725 0.805506 0.047957 0.083679
0 0.118379 0.852872 0.103020 0.194198
0 0.290670 0.464476 0.081705 0.156306
0 0.075306 0.294750 0.095027 0.217880
0 0.765359 0.263173 0.096803 0.202092
0 0.827970 0.819716 0.124334 0.213144