0 0.064204 0.419479 0.095915 0.192619
0 0.205412 0.473160 0.106572 0.198934
0 0.300883 0.435267 0.103908 0.236827
0 0.366602 0.217387 0.107460 0.265246
0 0.138805 0.713933 0.110124 0.228932
0 0.206300 0.860766 0.101243 0.222617
0 0.317313 0.836294 0.126110 0.262088
0 0.477615 0.676041 0.050622 0.131044
0 0.688094 0.604204 0.093250 0.208407
0 0.800439 0.604204 0.138544 0.183146
0 0.797331 0.822873 0.135879 0.172094
0 0.900794 0.895500 0.159858 0.197355
0 0.832411 0.361062 0.140320 0.227353
0 0.790670 0.111604 0.113677 0.189461
0 0.698752 0.122656 0.114565 0.211565
0 0.651238 0.299487 0.108348 0.239984