0 0.363052 0.641738 0.042735 0.072650
0 0.406737 0.639601 0.037037 0.102564
0 0.440925 0.647436 0.021842 0.101140
0 0.471315 0.694444 0.019943 0.066952
0 0.527345 0.775641 0.048433 0.052707
0 0.570080 0.750000 0.048433 0.064103
0 0.603793 0.721510 0.041785 0.075499
0 0.632758 0.738604 0.029440 0.061254
0 0.747193 0.111823 0.055081 0.072650
0 0.807022 0.124644 0.037987 0.038462
0 0.856405 0.252137 0.043685 0.022792
0 0.874448 0.183761 0.020893 0.088319
0 0.906737 0.185185 0.013295 0.096866
0 0.963717 0.202991 0.043685 0.095442
0 0.849757 0.752849 0.034188 0.084046
0 0.897241 0.745726 0.041785 0.095442
0 0.946623 0.753561 0.034188 0.108262
0 0.702084 0.851140 0.033238 0.066952
0 0.756215 0.885328 0.029440 0.092593
0 0.797525 0.857550 0.034188 0.039886
0 0.189738 0.905271 0.043685 0.061254
0 0.215379 0.853989 0.049383 0.035613
0 0.248618 0.845442 0.043685 0.095442
0 0.278532 0.839744 0.023742 0.052707