0 0.392833 0.110399 0.089380 0.115385
0 0.300125 0.427350 0.063707 0.082621
0 0.361455 0.455128 0.032329 0.160969
0 0.417080 0.449430 0.042788 0.141026
0 0.443704 0.391026 0.078921 0.092593
0 0.555429 0.119658 0.047543 0.128205
0 0.533560 0.412393 0.043739 0.135328
0 0.560659 0.485043 0.050395 0.109687
0 0.621514 0.456553 0.059904 0.126781
0 0.684746 0.395299 0.066560 0.132479
0 0.248303 0.663818 0.028526 0.065527
0 0.275878 0.727208 0.051346 0.061254
0 0.327700 0.780627 0.044690 0.076923
0 0.369537 0.814103 0.042788 0.095442
0 0.431818 0.782764 0.079872 0.092593
0 0.563987 0.800570 0.110299 0.082621
0 0.631973 0.787749 0.067511 0.088319
0 0.670007 0.750000 0.027575 0.069801
0 0.715648 0.730057 0.040887 0.086895
0 0.768421 0.652422 0.062756 0.076923