0 0.079836 0.141026 0.122201 0.222222
0 0.223602 0.137464 0.105429 0.229345
0 0.398518 0.128917 0.115013 0.246439
0 0.547676 0.151709 0.118607 0.272080
0 0.710012 0.148148 0.088656 0.284900
0 0.852580 0.155271 0.074279 0.242165
0 0.078039 0.473647 0.123399 0.237892
0 0.250559 0.477920 0.161737 0.277778
0 0.401513 0.480769 0.109023 0.272080
0 0.544680 0.482906 0.131786 0.227920
0 0.707017 0.504986 0.125795 0.272080
0 0.864560 0.494302 0.105429 0.250712
0 0.076841 0.821225 0.113815 0.252137
0 0.234984 0.819088 0.128192 0.259259
0 0.391929 0.815527 0.123399 0.237892
0 0.547077 0.842593 0.119805 0.294872
0 0.623752 0.683761 0.000000 0.005698
0 0.704021 0.845442 0.110221 0.309116
0 0.880135 0.839031 0.138974 0.290598