0 0.469400 0.356125 0.092708 0.148148
0 0.462705 0.548433 0.093738 0.116809
0 0.432317 0.590456 0.055625 0.078348
0 0.385448 0.569088 0.062836 0.095442
0 0.347334 0.540598 0.044294 0.064103
0 0.545112 0.359687 0.060775 0.095442
0 0.547687 0.566239 0.051505 0.106838
0 0.585286 0.610399 0.023692 0.075499
0 0.618764 0.575499 0.039144 0.062678
0 0.655847 0.515670 0.053565 0.108262
0 0.282439 0.713675 0.021632 0.062678
0 0.327248 0.773504 0.051505 0.051282
0 0.344759 0.810541 0.059745 0.056980
0 0.383903 0.836895 0.035023 0.089744
0 0.443648 0.822650 0.096829 0.101140
0 0.555413 0.831909 0.089618 0.071225
0 0.620824 0.822650 0.051505 0.078348
0 0.657392 0.790598 0.033993 0.062678
0 0.690355 0.764245 0.038113 0.072650
0 0.747010 0.716524 0.054595 0.076923