0 0.095602 0.119658 0.134463 0.119658
0 0.240078 0.248575 0.100132 0.103989
0 0.212900 0.323362 0.080105 0.082621
0 0.136370 0.319801 0.087258 0.064103
0 0.027656 0.297721 0.035761 0.111111
0 0.226489 0.150285 0.058649 0.101140
0 0.264396 0.163105 0.071523 0.086895
0 0.305164 0.133191 0.072953 0.086895
0 0.351654 0.056268 0.054357 0.058405
0 0.723572 0.141738 0.091549 0.098291
0 0.801531 0.146011 0.104423 0.098291
0 0.888074 0.166667 0.114436 0.076923
0 0.940285 0.226496 0.055788 0.088319
0 0.689956 0.223647 0.075814 0.136752
0 0.730009 0.253561 0.092980 0.074074
0 0.789373 0.289174 0.094410 0.122507
0 0.850167 0.308405 0.047205 0.103989
0 0.526884 0.571225 0.113006 0.122507
0 0.613427 0.520655 0.105854 0.132479
0 0.724287 0.476496 0.124449 0.112536
0 0.569798 0.616097 0.107284 0.078348
0 0.549056 0.707977 0.177376 0.079772
0 0.153536 0.809829 0.084397 0.058405
0 0.240078 0.830484 0.042914 0.082621
0 0.298727 0.836182 0.028609 0.065527
0 0.319468 0.770655 0.055788 0.059829
0 0.259389 0.665954 0.024318 0.055556
0 0.303734 0.710114 0.024318 0.058405
0 0.340210 0.688746 0.054357 0.092593
0 0.394567 0.608974 0.042914 0.035613
0 0.823703 0.678775 0.085827 0.072650
0 0.897372 0.668803 0.087258 0.041311
0 0.918829 0.722934 0.124449 0.061254
0 0.935279 0.788462 0.102993 0.035613
0 0.852313 0.788462 0.062940 0.095442
0 0.870908 0.887464 0.074384 0.071225
0 0.794379 0.828348 0.084397 0.072650
0 0.785796 0.890313 0.107284 0.068376
0 0.760048 0.955128 0.118728 0.075499