0 0.503268 0.179487 0.096866 0.085470
0 0.457684 0.284188 0.085470 0.092593
0 0.425633 0.356125 0.084046 0.085470
0 0.343724 0.306268 0.136752 0.082621
0 0.330191 0.398148 0.143875 0.072650
0 0.121502 0.400285 0.128205 0.076923
0 0.265376 0.396011 0.094017 0.082621
0 0.298852 0.452279 0.138177 0.084046
0 0.385747 0.466524 0.138177 0.032764
0 0.476915 0.504986 0.095442 0.086895
0 0.456260 0.576211 0.148148 0.084046
0 0.508254 0.685897 0.092593 0.061254
0 0.513240 0.787749 0.068376 0.085470
0 0.583040 0.699430 0.051282 0.133903
0 0.643582 0.745726 0.029915 0.112536
0 0.672784 0.685897 0.056980 0.064103
0 0.666374 0.625356 0.112536 0.079772
0 0.726915 0.599003 0.082621 0.058405
0 0.823069 0.557692 0.098291 0.061254
0 0.704835 0.551282 0.121083 0.028490
0 0.672784 0.521368 0.074074 0.082621
0 0.641445 0.470085 0.056980 0.039886
0 0.553838 0.493590 0.047009 0.086895
0 0.483325 0.418803 0.051282 0.065527