0 0.050554 0.099003 0.101108 0.141026
0 0.131521 0.153846 0.089338 0.227920
0 0.197574 0.231481 0.124504 0.249288
0 0.250797 0.298433 0.101694 0.172365
0 0.230839 0.396724 0.168222 0.121083
0 0.225136 0.599715 0.105495 0.113960
0 0.150529 0.675926 0.110248 0.084046
0 0.129620 0.767094 0.127355 0.138177
0 0.122967 0.938034 0.117851 0.123932
0 0.376726 0.737892 0.089338 0.108262
0 0.473668 0.596154 0.057025 0.166667
0 0.447057 0.786325 0.093140 0.179487
0 0.480321 0.834758 0.083636 0.125356
0 0.514536 0.666667 0.066529 0.190883
0 0.592469 0.674501 0.062727 0.186610
0 0.530218 0.912393 0.094091 0.175214
0 0.405714 0.324786 0.094091 0.173789
0 0.450383 0.193732 0.078884 0.170940
0 0.539246 0.111111 0.085537 0.168091
0 0.596271 0.186610 0.068429 0.156695
0 0.737882 0.185897 0.102644 0.209402
0 0.826270 0.198006 0.114049 0.170940
0 0.876642 0.331197 0.125454 0.180912
0 0.915609 0.398148 0.117851 0.126781
0 0.889948 0.566239 0.127355 0.089744
0 0.829597 0.629630 0.162520 0.128205
0 0.788729 0.752137 0.147313 0.136752
0 0.817241 0.929487 0.126404 0.121083