0 0.066425 0.398165 0.087922 0.232090
0 0.226283 0.476317 0.158970 0.246300
0 0.310652 0.427373 0.139432 0.281034
0 0.376371 0.210282 0.128774 0.288928
0 0.140581 0.676041 0.126110 0.209986
0 0.205412 0.854450 0.103020 0.235248
0 0.330634 0.822873 0.101243 0.225775
0 0.498485 0.675252 0.071048 0.173673
0 0.697419 0.618413 0.127886 0.246300
0 0.666780 0.302645 0.100355 0.202092
0 0.704524 0.140813 0.147425 0.279455
0 0.779125 0.118709 0.124334 0.168936
0 0.844400 0.347642 0.112789 0.175252
0 0.801771 0.611308 0.135879 0.206828
0 0.788006 0.795244 0.145648 0.249457
0 0.896798 0.866292 0.139432 0.233669