0 0.180467 0.042023 0.107396 0.058405
0 0.177140 0.159544 0.095041 0.059829
0 0.156231 0.281339 0.133057 0.109687
0 0.099682 0.358974 0.107396 0.094017
0 0.070695 0.465100 0.136859 0.138177
0 0.240818 0.591880 0.134958 0.103989
0 0.159083 0.668803 0.106446 0.160969
0 0.139599 0.763533 0.134008 0.179487
0 0.140074 0.915954 0.091239 0.099715
0 0.589143 0.632479 0.128305 0.119658
0 0.514061 0.690171 0.130206 0.152422
0 0.471292 0.784900 0.128305 0.133903
0 0.490776 0.938034 0.129256 0.123932
0 0.502180 0.055556 0.148264 0.091168
0 0.498854 0.158832 0.086487 0.149573
0 0.467491 0.266382 0.095991 0.099715
0 0.430425 0.347578 0.111198 0.082621
0 0.380053 0.434473 0.111198 0.091168
0 0.833398 0.137464 0.105495 0.155271
0 0.796807 0.242877 0.129256 0.115385
0 0.771146 0.324074 0.129256 0.109687
0 0.704143 0.412393 0.111198 0.118234
0 0.915133 0.606125 0.126404 0.101140
0 0.828171 0.664530 0.115950 0.163818
0 0.824845 0.768519 0.156818 0.172365
0 0.849080 0.935897 0.138760 0.128205