0 0.273925 0.217949 0.133819 0.159544
0 0.258740 0.438746 0.074977 0.136752
0 0.216032 0.470798 0.063588 0.081197
0 0.178543 0.503561 0.085417 0.109687
0 0.412490 0.221510 0.065486 0.044160
0 0.409168 0.277066 0.009491 0.092593
0 0.421981 0.300570 0.052199 0.005698
0 0.393508 0.272080 0.086366 0.190883
0 0.535870 0.463675 0.052199 0.141026
0 0.558647 0.466524 0.065486 0.106838
0 0.591390 0.494302 0.058843 0.133903
0 0.619863 0.524217 0.037963 0.094017
0 0.827235 0.305556 0.059792 0.106838
0 0.792120 0.457977 0.033218 0.103989
0 0.785951 0.548433 0.089213 0.119658