0 0.052455 0.118234 0.104909 0.162393
0 0.134847 0.153846 0.101694 0.222222
0 0.177140 0.235043 0.138760 0.213675
0 0.220859 0.294872 0.138760 0.170940
0 0.246520 0.406695 0.117851 0.180912
0 0.233215 0.598291 0.153966 0.099715
0 0.142926 0.693020 0.178677 0.158120
0 0.090178 0.845442 0.113099 0.297721
0 0.386231 0.732906 0.155867 0.072650
0 0.459887 0.581909 0.084586 0.183761
0 0.523089 0.643875 0.114049 0.205128
0 0.563957 0.645299 0.083636 0.179487
0 0.432801 0.782051 0.119752 0.079772
0 0.497904 0.834758 0.122603 0.133903
0 0.535445 0.919516 0.117851 0.123932
0 0.405714 0.317664 0.075082 0.148148
0 0.457511 0.221510 0.112148 0.217949
0 0.530693 0.089031 0.085537 0.138177
0 0.598647 0.197293 0.113099 0.189459
0 0.737882 0.176638 0.095041 0.222222
0 0.826745 0.212251 0.092190 0.207977
0 0.876642 0.300570 0.127355 0.193732
0 0.927014 0.401709 0.104545 0.148148
0 0.858109 0.578348 0.122603 0.094017
0 0.797283 0.633903 0.124504 0.131054
0 0.797758 0.789174 0.144462 0.179487
0 0.816766 0.915954 0.102644 0.168091