0 0.172864 0.047009 0.126404 0.056980
0 0.186169 0.175926 0.111198 0.098291
0 0.128194 0.256410 0.097892 0.108262
0 0.118215 0.353276 0.134958 0.136752
0 0.068794 0.429487 0.123553 0.106838
0 0.244144 0.604701 0.151115 0.198006
0 0.155281 0.633903 0.121652 0.131054
0 0.130095 0.748575 0.135909 0.186610
0 0.161934 0.929487 0.157768 0.141026
0 0.587242 0.631054 0.162520 0.150997
0 0.517387 0.706553 0.133057 0.159544
0 0.438978 0.776353 0.139710 0.139601
0 0.493152 0.943732 0.115000 0.081197
0 0.501230 0.036325 0.144462 0.066952
0 0.503131 0.169516 0.098843 0.091168
0 0.493627 0.258547 0.117851 0.138177
0 0.463689 0.358262 0.149214 0.166667
0 0.401437 0.432336 0.108347 0.155271
0 0.910857 0.639601 0.136859 0.225071
0 0.851456 0.643162 0.120702 0.155271
0 0.806312 0.765670 0.127355 0.209402
0 0.854782 0.943020 0.112148 0.113960
0 0.836725 0.102564 0.108347 0.128205
0 0.843378 0.252849 0.112148 0.106838
0 0.785403 0.341880 0.119752 0.156695
0 0.748337 0.451567 0.072231 0.156695