0 0.088183 0.418690 0.119005 0.206828
0 0.209853 0.482633 0.078153 0.211565
0 0.313316 0.429741 0.126998 0.288928
0 0.370599 0.205546 0.108348 0.209986
0 0.133476 0.687093 0.103020 0.165779
0 0.193867 0.848135 0.129663 0.266825
0 0.317757 0.830768 0.093250 0.219459
0 0.472730 0.666568 0.058615 0.127886
0 0.675661 0.604993 0.107460 0.219459
0 0.808876 0.600257 0.105684 0.165779
0 0.794222 0.807085 0.120782 0.181567
0 0.882588 0.867871 0.206927 0.214723
0 0.838627 0.341326 0.120782 0.187882
0 0.803103 0.117920 0.138544 0.157884
0 0.707633 0.105289 0.126998 0.142096
0 0.657899 0.297908 0.162522 0.249457