0 0.189878 0.094017 0.128205 0.156695
0 0.320932 0.176638 0.176638 0.113960
0 0.311673 0.361111 0.163818 0.138177
0 0.227627 0.703704 0.183761 0.062678
0 0.189166 0.762108 0.169516 0.071225
0 0.153553 0.843305 0.141026 0.099715
0 0.159251 0.941595 0.141026 0.068376
0 0.551701 0.678063 0.145299 0.056980
0 0.506117 0.759972 0.173789 0.101140
0 0.479764 0.839031 0.189459 0.099715
0 0.491160 0.955840 0.203704 0.088319
0 0.847285 0.970085 0.149573 0.059829
0 0.843724 0.873219 0.207977 0.096866
0 0.872214 0.775641 0.179487 0.081197
0 0.882186 0.691595 0.168091 0.052707
0 0.784607 0.618946 0.243590 0.078348
0 0.850134 0.539886 0.212251 0.059829
0 0.850134 0.453704 0.229345 0.058405
0 0.904768 0.367521 0.190464 0.068376
0 0.733325 0.254274 0.200855 0.095442
0 0.815946 0.185897 0.246439 0.112536
0 0.810960 0.102564 0.136752 0.122507