0 0.048976 0.083333 0.073504 0.141026
0 0.122480 0.112536 0.080395 0.131054
0 0.182777 0.164530 0.081544 0.098291
0 0.221826 0.257123 0.086138 0.115385
0 0.314280 0.085470 0.066613 0.116809
0 0.378596 0.101140 0.091880 0.113960
0 0.418220 0.185185 0.088435 0.099715
0 0.445210 0.267094 0.091880 0.081197
0 0.532496 0.083333 0.082692 0.160969
0 0.633564 0.104701 0.084989 0.121083
0 0.672614 0.185897 0.084989 0.078348
0 0.696158 0.258547 0.072356 0.084046
0 0.801246 0.081909 0.064316 0.149573
0 0.877047 0.128205 0.082692 0.099715
0 0.914948 0.184473 0.087286 0.095442
0 0.946532 0.264957 0.070059 0.096866
0 0.073669 0.406695 0.083841 0.084046
0 0.113292 0.435185 0.087286 0.106838
0 0.156361 0.512821 0.081544 0.111111
0 0.182777 0.595442 0.118296 0.071225
0 0.304518 0.431624 0.053980 0.156695
0 0.372280 0.450855 0.093029 0.123932
0 0.410755 0.533476 0.089583 0.109687
0 0.434873 0.602564 0.101068 0.079772
0 0.552021 0.413818 0.066613 0.152422
0 0.614614 0.451567 0.099920 0.116809
0 0.639881 0.522080 0.093029 0.121083
0 0.678930 0.593305 0.097623 0.069801
0 0.793207 0.418803 0.064316 0.133903
0 0.866137 0.450142 0.097623 0.113960
0 0.917245 0.528490 0.101068 0.094017
0 0.921265 0.599715 0.090732 0.119658
0 0.052421 0.752137 0.075801 0.131054
0 0.119035 0.774217 0.091880 0.115385
0 0.173588 0.831909 0.111405 0.131054
0 0.193687 0.908832 0.089583 0.094017
0 0.295330 0.750712 0.074653 0.122507
0 0.367686 0.790598 0.104514 0.122507
0 0.404438 0.846866 0.109108 0.112536
0 0.449230 0.916667 0.093029 0.112536
0 0.543407 0.765670 0.072356 0.123932
0 0.607149 0.767806 0.101068 0.113960
0 0.630693 0.848291 0.115999 0.115385
0 0.690990 0.903134 0.087286 0.096866
0 0.788038 0.754986 0.067762 0.113960
0 0.865562 0.772792 0.087286 0.123932
0 0.907483 0.837607 0.081544 0.082621
0 0.943086 0.928775 0.074653 0.102564