0 0.166981 0.375356 0.111111 0.092593
0 0.174460 0.534900 0.081197 0.058405
0 0.318156 0.492165 0.114316 0.075499
0 0.320827 0.395299 0.106838 0.095442
0 0.413242 0.342593 0.075855 0.118234
0 0.444759 0.200855 0.115385 0.188034
0 0.517408 0.301994 0.102564 0.113960
0 0.516340 0.425214 0.098291 0.101140
0 0.414844 0.514245 0.126068 0.102564
0 0.429267 0.627493 0.107906 0.092593
0 0.529695 0.698006 0.088675 0.148148
0 0.579908 0.614672 0.082265 0.209402
0 0.591661 0.462251 0.131410 0.138177
0 0.709182 0.673077 0.125000 0.215100
0 0.757793 0.469373 0.175214 0.098291
0 0.823498 0.781339 0.101496 0.217949