0 0.281345 0.600355 0.057726 0.108348
0 0.341736 0.569272 0.052398 0.088810
0 0.391025 0.586146 0.056838 0.087034
0 0.424329 0.636767 0.041741 0.078153
0 0.395466 0.928952 0.069272 0.079929
0 0.494045 0.785968 0.071048 0.149201
0 0.500705 0.658082 0.039964 0.149201
0 0.522464 0.573712 0.079929 0.072824
0 0.552215 0.525755 0.071936 0.111901
0 0.713849 0.562167 0.073712 0.134991
0 0.658343 0.397869 0.065719 0.115453
0 0.580190 0.387211 0.046181 0.094139
0 0.548219 0.342806 0.040853 0.101243
0 0.521576 0.259325 0.076377 0.119005
0 0.576638 0.036856 0.088810 0.073712
0 0.449196 0.093250 0.055950 0.127886
0 0.445643 0.259325 0.055950 0.065719
0 0.457633 0.385435 0.046181 0.087034
0 0.403903 0.433393 0.084369 0.101243
0 0.285341 0.401421 0.101243 0.136767