0 0.065024 0.454416 0.130048 0.116809
0 0.176345 0.472934 0.135328 0.131054
0 0.290305 0.530627 0.121083 0.123932
0 0.130761 0.722222 0.135328 0.165242
0 0.224778 0.787749 0.155271 0.216524
0 0.369365 0.829772 0.185185 0.217949
0 0.479764 0.903846 0.260684 0.192308
0 0.829982 0.824074 0.340036 0.297721
0 0.870790 0.523504 0.142450 0.229345
0 0.709821 0.485043 0.145299 0.212251
0 0.555262 0.456553 0.132479 0.209402
0 0.437029 0.408120 0.118234 0.141026
0 0.095861 0.071225 0.125356 0.142450
0 0.256117 0.145299 0.183761 0.227920
0 0.419935 0.193020 0.226496 0.272080
0 0.585177 0.248575 0.138177 0.166667
0 0.718368 0.118234 0.156695 0.216524
0 0.878624 0.206553 0.186610 0.219373