0 0.319489 0.089744 0.090964 0.105413
0 0.093864 0.282764 0.092747 0.064103
0 0.146480 0.364672 0.115934 0.074074
0 0.257955 0.455840 0.078478 0.054131
0 0.234769 0.548433 0.121285 0.088319
0 0.237444 0.736467 0.137337 0.088319
0 0.393509 0.883191 0.085613 0.076923
0 0.639646 0.874644 0.110583 0.059829
0 0.719016 0.782051 0.094531 0.071225
0 0.703855 0.611823 0.124852 0.058405
0 0.645888 0.525641 0.076695 0.059829
0 0.668183 0.464387 0.085613 0.065527
0 0.732393 0.491453 0.107016 0.079772
0 0.868838 0.438746 0.065993 0.085470
0 0.597731 0.470798 0.105232 0.089744
0 0.434532 0.472222 0.060642 0.066952
0 0.319489 0.449430 0.073128 0.072650
0 0.491607 0.422365 0.089180 0.078348
0 0.555816 0.331197 0.078478 0.047009
0 0.549574 0.269943 0.105232 0.058405
0 0.493390 0.165242 0.060642 0.071225
0 0.568302 0.155983 0.064210 0.066952