0 0.078515 0.551282 0.146011 0.062678
0 0.123031 0.462963 0.188746 0.065527
0 0.145289 0.358262 0.219017 0.066952
0 0.090006 0.286325 0.180011 0.037037
0 0.070503 0.229345 0.140670 0.071225
0 0.183572 0.213675 0.128205 0.108262
0 0.279726 0.175926 0.117521 0.101140
0 0.317119 0.078348 0.117521 0.128205
0 0.501414 0.116097 0.133547 0.152422
0 0.562846 0.210114 0.142450 0.160969
0 0.685709 0.220085 0.149573 0.172365
0 0.837953 0.127493 0.115741 0.158120
0 0.911409 0.358262 0.177182 0.118234
0 0.905177 0.482194 0.189646 0.075499
0 0.884699 0.564103 0.230601 0.071225
0 0.895383 0.680912 0.209234 0.085470
0 0.385674 0.910256 0.115741 0.159544
0 0.518330 0.876068 0.099715 0.179487
0 0.604691 0.917379 0.069444 0.165242
0 0.899835 0.863960 0.200330 0.092593
0 0.842855 0.950142 0.314290 0.099715
0 0.150631 0.901709 0.268875 0.182336
0 0.080212 0.757835 0.160424 0.168091
0 0.122057 0.813390 0.244114 0.165242