0 0.377470 0.469373 0.063611 0.103989
0 0.423465 0.547009 0.081226 0.111111
0 0.505670 0.507835 0.085141 0.126781
0 0.618213 0.410256 0.051868 0.116809
0 0.556070 0.638889 0.090034 0.078348
0 0.478269 0.907407 0.047953 0.076923
0 0.568303 0.901709 0.057739 0.099715
0 0.638764 0.901709 0.059697 0.108262
0 0.711673 0.875356 0.078291 0.112536
0 0.768923 0.770655 0.094927 0.148148
0 0.686228 0.584758 0.086120 0.064103
0 0.763540 0.556268 0.103735 0.098291
0 0.755711 0.449430 0.103735 0.092593
0 0.907888 0.643162 0.100799 0.106838
0 0.958777 0.626781 0.057739 0.056980
0 0.962997 0.577635 0.074006 0.098291