0 0.164560 0.373002 0.161634 0.090586
0 0.145022 0.535524 0.065719 0.174067
0 0.216514 0.468917 0.066607 0.154529
0 0.258698 0.786856 0.067496 0.062167
0 0.394577 0.785968 0.055062 0.049734
0 0.280901 0.553286 0.044405 0.088810
0 0.255146 0.633215 0.055062 0.103020
0 0.347508 0.521314 0.062167 0.106572
0 0.065981 0.746004 0.115453 0.158082
0 0.026774 0.642096 0.053547 0.181172
0 0.059320 0.107460 0.041741 0.060391
0 0.024240 0.166963 0.035524 0.076377
0 0.085963 0.187389 0.031083 0.092362
0 0.342180 0.027087 0.044405 0.054174
0 0.392357 0.077265 0.050622 0.092362
0 0.405679 0.173179 0.045293 0.095915
0 0.474506 0.167851 0.055062 0.113677
0 0.502926 0.264654 0.058615 0.101243
0 0.498041 0.363233 0.073712 0.092362
0 0.495821 0.479574 0.085258 0.101243
0 0.482943 0.587034 0.087922 0.074600
0 0.633032 0.540853 0.055950 0.106572
0 0.637473 0.654529 0.047069 0.095915
0 0.614826 0.738011 0.058615 0.085258
0 0.592180 0.806394 0.047069 0.072824
0 0.676993 0.790409 0.040853 0.076377
0 0.690759 0.689165 0.063055 0.094139
0 0.717846 0.597691 0.056838 0.056838
0 0.577526 0.102131 0.058615 0.081705
0 0.621931 0.098579 0.042629 0.095915
0 0.662339 0.105684 0.054174 0.117229
0 0.719178 0.112789 0.047069 0.120782
0 0.761807 0.110124 0.041741 0.065719
0 0.725839 0.247780 0.040853 0.117229
0 0.601061 0.230906 0.034636 0.094139
0 0.633920 0.214920 0.038188 0.076377
0 0.676549 0.217584 0.034636 0.117229
0 0.661007 0.318828 0.065719 0.110124
0 0.783565 0.208703 0.049734 0.099467
0 0.829302 0.205151 0.052398 0.103020
0 0.863494 0.262877 0.044405 0.111901
0 0.863938 0.459147 0.043517 0.099467
0 0.828414 0.607460 0.032860 0.133215
0 0.855501 0.531972 0.028419 0.117229
0 0.896354 0.518650 0.031972 0.097691
0 0.922109 0.586146 0.042629 0.087034
0 0.941647 0.714920 0.058615 0.127886
0 0.952304 0.824156 0.053286 0.058615
0 0.982499 0.862345 0.033748 0.113677
0 0.907455 0.028863 0.087922 0.057726
0 0.886141 0.108348 0.066607 0.087034
0 0.897686 0.212256 0.073712 0.095915
0 0.968734 0.341918 0.054174 0.110124