0 0.145466 0.360423 0.063055 0.096153
0 0.126815 0.510081 0.070160 0.100806
0 0.138361 0.601581 0.086146 0.066687
0 0.189871 0.647332 0.079041 0.065136
0 0.357721 0.565136 0.038188 0.055831
0 0.331078 0.465881 0.055950 0.055831
0 0.345732 0.411601 0.047957 0.062034
0 0.381256 0.396092 0.044405 0.071340
0 0.587295 0.399194 0.042629 0.108560
0 0.612162 0.378257 0.033748 0.094602
0 0.653458 0.392215 0.045293 0.088399
0 0.684986 0.483716 0.031972 0.085297
0 0.751149 0.471309 0.025755 0.072890
0 0.775128 0.427885 0.032860 0.075992
0 0.806212 0.398419 0.036412 0.113213
0 0.850617 0.394542 0.043517 0.093052