0 0.247597 0.238645 0.066607 0.126871
0 0.136141 0.169289 0.074600 0.133638
0 0.062428 0.131227 0.078153 0.131946
0 0.054879 0.242874 0.077265 0.145479
0 0.048219 0.773196 0.088810 0.160704
0 0.235608 0.648017 0.058615 0.133638
0 0.359498 0.575277 0.055950 0.143788
0 0.433654 0.525374 0.067496 0.175928
0 0.462517 0.656475 0.055950 0.140404
0 0.704524 0.170980 0.055062 0.096422
0 0.787562 0.126152 0.048845 0.104880
0 0.847508 0.155756 0.046181 0.099805
0 0.870599 0.262328 0.071048 0.103189
0 0.849284 0.725831 0.049734 0.086273