0 0.075306 0.677620 0.045293 0.124729
0 0.156123 0.462108 0.034636 0.107361
0 0.213405 0.435267 0.046181 0.138938
0 0.242712 0.496053 0.042629 0.137359
0 0.257810 0.652358 0.039076 0.086836
0 0.290670 0.621571 0.033748 0.107361
0 0.295554 0.478686 0.036412 0.134202
0 0.340847 0.418690 0.043517 0.127886
0 0.387473 0.488948 0.030195 0.129465
0 0.462517 0.672094 0.045293 0.154727
0 0.607721 0.679988 0.156306 0.284192
0 0.700528 0.327906 0.107460 0.268403
0 0.796887 0.455003 0.104796 0.219459
0 0.851505 0.582100 0.173179 0.211565
0 0.861274 0.762088 0.164298 0.142096