0 0.099284 0.203500 0.112789 0.273112
0 0.248929 0.377779 0.119005 0.347049
0 0.362606 0.355145 0.119005 0.310835
0 0.471398 0.219343 0.073712 0.235389
0 0.582411 0.143144 0.080817 0.227845
0 0.669444 0.154460 0.105684 0.241425
0 0.819089 0.165777 0.191829 0.273112
0 0.915892 0.063650 0.101243 0.127300
0 0.780457 0.662962 0.169627 0.214265
0 0.849284 0.834223 0.143872 0.164471
0 0.573085 0.634293 0.156306 0.120713
0 0.585519 0.472085 0.154529 0.134293
0 0.736052 0.468313 0.079041 0.105623
0 0.566869 0.796500 0.124334 0.146364
0 0.461629 0.753496 0.105684 0.202194
0 0.328858 0.719546 0.101243 0.285183
0 0.196975 0.709738 0.126998 0.304799
0 0.077526 0.712756 0.099467 0.337995