0 0.612955 0.283476 0.116809 0.065527
0 0.765376 0.284900 0.136752 0.099715
0 0.893582 0.259972 0.133903 0.103989
0 0.895718 0.130342 0.152422 0.123932
0 0.957684 0.376781 0.071225 0.132479
0 0.823781 0.486467 0.099715 0.149573
0 0.691302 0.547721 0.099715 0.180912
0 0.640733 0.427350 0.075499 0.145299
0 0.533895 0.747863 0.035613 0.082621
0 0.489735 0.768519 0.038462 0.075499
0 0.439878 0.735755 0.044160 0.112536
0 0.417798 0.832621 0.079772 0.069801
0 0.463382 0.938746 0.056980 0.102564
0 0.524636 0.909544 0.074074 0.101140
0 0.565946 0.869658 0.065527 0.098291
0 0.600134 0.826211 0.062678 0.088319
0 0.174208 0.443020 0.111111 0.139601
0 0.221217 0.377493 0.096866 0.122507
0 0.282470 0.351852 0.071225 0.119658
0 0.340163 0.311254 0.109687 0.106838
0 0.382186 0.169516 0.059829 0.173789
0 0.304550 0.137464 0.061254 0.172365
0 0.241872 0.148860 0.058405 0.198006
0 0.154265 0.172365 0.068376 0.170940
0 0.927770 0.740741 0.088319 0.096866
0 0.905690 0.821225 0.098291 0.084046
0 0.849422 0.866097 0.079772 0.091168
0 0.739735 0.928063 0.065527 0.055556
0 0.144294 0.861111 0.253561 0.112536