0 0.291981 0.356838 0.160256 0.138177
0 0.344331 0.283476 0.130342 0.162393
0 0.431938 0.226496 0.094017 0.179487
0 0.524353 0.215812 0.063034 0.198006
0 0.614631 0.238604 0.100427 0.178063
0 0.683007 0.295584 0.134615 0.138177
0 0.731618 0.373219 0.142094 0.139601
0 0.752985 0.502137 0.139957 0.101140
0 0.763669 0.619658 0.154915 0.116809
0 0.738562 0.712963 0.143162 0.152422
0 0.675528 0.805556 0.164530 0.169516
0 0.584182 0.852564 0.112179 0.160969
0 0.482686 0.877493 0.137821 0.176638
0 0.337921 0.774929 0.126068 0.207977
0 0.277558 0.685897 0.112179 0.143875
0 0.270079 0.587607 0.150641 0.086895
0 0.263669 0.472222 0.139957 0.118234