0 0.132898 0.410256 0.076923 0.054131
0 0.263240 0.413818 0.084046 0.055556
0 0.333752 0.395299 0.056980 0.069801
0 0.303126 0.314815 0.058405 0.094017
0 0.352983 0.314815 0.024217 0.062678
0 0.410676 0.355413 0.031339 0.084046
0 0.451986 0.282764 0.042735 0.061254
0 0.482613 0.142450 0.041311 0.065527
0 0.494009 0.313390 0.047009 0.068376
0 0.493297 0.418803 0.062678 0.065527
0 0.505405 0.464387 0.072650 0.054131
0 0.553838 0.483618 0.052707 0.058405
0 0.649280 0.460826 0.061254 0.032764
0 0.647143 0.515670 0.039886 0.051282
0 0.692015 0.539174 0.081197 0.052707
0 0.801701 0.546296 0.044160 0.035613
0 0.820220 0.576923 0.075499 0.039886
0 0.708396 0.587607 0.065527 0.061254
0 0.653553 0.612536 0.066952 0.056980
0 0.674921 0.696581 0.064103 0.068376
0 0.596573 0.685897 0.066952 0.066952
0 0.554550 0.722222 0.054131 0.088319
0 0.507542 0.790598 0.051282 0.071225
0 0.508254 0.666667 0.058405 0.094017
0 0.502556 0.603989 0.061254 0.088319
0 0.417086 0.620370 0.078348 0.061254
0 0.436317 0.579772 0.096866 0.071225
0 0.459821 0.503561 0.066952 0.061254
0 0.409963 0.482194 0.066952 0.061254
0 0.310960 0.452279 0.111111 0.052707
0 0.895718 0.972934 0.081197 0.054131