0 0.104169 0.347642 0.065719 0.276298
0 0.035655 0.443162 0.071309 0.243142
0 0.196087 0.410795 0.071936 0.235248
0 0.119267 0.690251 0.120782 0.241563
0 0.211185 0.698934 0.118117 0.265246
0 0.239160 0.858397 0.094139 0.208407
0 0.298219 0.634991 0.061279 0.213144
0 0.354613 0.463687 0.101243 0.401026
0 0.467402 0.546576 0.106572 0.462601
0 0.597064 0.430531 0.099467 0.448392
0 0.737384 0.312118 0.133215 0.359976
0 0.843068 0.346852 0.177620 0.331557
0 0.858609 0.599467 0.171403 0.236827
0 0.884808 0.751826 0.177620 0.222617
0 0.646798 0.984705 0.001776 0.018946