0 0.135252 0.526643 0.060391 0.127886
0 0.223174 0.482238 0.071048 0.131439
0 0.175217 0.378330 0.170515 0.111901
0 0.499373 0.271758 0.069272 0.087034
0 0.507366 0.372114 0.072824 0.088810
0 0.493601 0.479574 0.080817 0.072824
0 0.479391 0.573712 0.059503 0.055062
0 0.577526 0.111901 0.047957 0.069272
0 0.621487 0.112789 0.039964 0.103020
0 0.670332 0.101243 0.047069 0.108348
0 0.721398 0.111901 0.042629 0.079929
0 0.758698 0.120782 0.035524 0.069272
0 0.602837 0.230018 0.034636 0.099467
0 0.638805 0.217584 0.040853 0.081705
0 0.681878 0.224689 0.038188 0.103020
0 0.730723 0.246004 0.045293 0.113677
0 0.666336 0.324156 0.067496 0.156306
0 0.782233 0.203375 0.054174 0.163410
0 0.829302 0.194494 0.052398 0.127886
0 0.878592 0.264654 0.062167 0.111901
0 0.856833 0.484902 0.047069 0.122558
0 0.826638 0.603020 0.057726 0.127886
0 0.904791 0.564831 0.029307 0.094139
0 0.875927 0.120782 0.069272 0.087034
0 0.885696 0.217584 0.113677 0.071048
0 0.966069 0.372114 0.043517 0.099467
0 0.880368 0.034192 0.106572 0.068384
0 0.342624 0.031083 0.064831 0.060391
0 0.401238 0.069272 0.043517 0.094139
0 0.411895 0.165187 0.059503 0.076377
0 0.221398 0.019982 0.047957 0.039964
0 0.089071 0.169627 0.035524 0.092362
0 0.054879 0.083481 0.023979 0.072824
0 0.030457 0.061279 0.042629 0.092362
0 0.029569 0.163410 0.042629 0.129663
0 0.363050 0.539076 0.091474 0.103020
0 0.279125 0.555950 0.024867 0.087034
0 0.249373 0.631439 0.068384 0.081705
0 0.258254 0.778863 0.038188 0.103020
0 0.388361 0.794849 0.060391 0.088810
0 0.030770 0.635879 0.061540 0.211368
0 0.054749 0.749556 0.109498 0.161634
0 0.083743 0.893428 0.106572 0.150977
0 0.629924 0.531972 0.053286 0.081705
0 0.634364 0.651865 0.049734 0.090586
0 0.620155 0.748668 0.046181 0.071048
0 0.596620 0.821492 0.034636 0.031972
0 0.672109 0.776199 0.039964 0.055062
0 0.688094 0.682060 0.036412 0.069272
0 0.723174 0.594139 0.046181 0.071048
0 0.843068 0.817940 0.046181 0.156306
0 0.906123 0.873002 0.051510 0.124334
0 0.919444 0.608348 0.035524 0.092362
0 0.936762 0.726465 0.043517 0.119005
0 0.954080 0.821492 0.037300 0.099467
0 0.982813 0.872114 0.034374 0.090586