0 0.136141 0.329333 0.097691 0.176988
0 0.078727 0.374370 0.157454 0.197531
0 0.040095 0.616938 0.080190 0.278124
0 0.266691 0.676198 0.124334 0.213334
0 0.321753 0.907704 0.108348 0.120099
0 0.273352 0.433630 0.158970 0.271803
0 0.352837 0.275605 0.225577 0.214914
0 0.429657 0.104148 0.167851 0.169087
0 0.583743 0.352247 0.120782 0.156445
0 0.668556 0.806568 0.066607 0.259161
0 0.732943 0.692000 0.079929 0.276543
0 0.815093 0.673827 0.084369 0.319210
0 0.916336 0.661975 0.093250 0.263901
0 0.737828 0.377531 0.128774 0.178568
0 0.833743 0.296148 0.121670 0.246519
0 0.876815 0.119160 0.106572 0.218074