0 0.151785 0.888177 0.147650 0.223646
0 0.191431 0.711538 0.106636 0.044160
0 0.486047 0.856838 0.118940 0.089744
0 0.569442 0.762108 0.086129 0.054131
0 0.247484 0.630342 0.196866 0.135328
0 0.369158 0.515670 0.191398 0.133903
0 0.410855 0.355413 0.228310 0.178063
0 0.340448 0.147436 0.174992 0.180912
0 0.604988 0.103276 0.192765 0.183761
0 0.614557 0.260684 0.220108 0.202279
0 0.757422 0.345442 0.177727 0.183761
0 0.908490 0.390313 0.157220 0.176638
0 0.756055 0.906695 0.041014 0.089744
0 0.862008 0.898148 0.031444 0.084046
0 0.910541 0.905271 0.027343 0.072650
0 0.946770 0.834758 0.017773 0.068376
0 0.500402 0.964387 0.142181 0.071225