0 0.089304 0.663105 0.113248 0.072650
0 0.248492 0.608262 0.102564 0.085470
0 0.340372 0.622507 0.111111 0.079772
0 0.413022 0.679487 0.089744 0.102564
0 0.364945 0.912393 0.121795 0.118234
0 0.572210 0.798433 0.177350 0.072650
0 0.595714 0.685185 0.181624 0.111111
0 0.712167 0.616097 0.175214 0.086895
0 0.921569 0.606838 0.111111 0.062678
0 0.758107 0.966524 0.164530 0.018519
0 0.110671 0.193020 0.057692 0.066952
0 0.224988 0.122507 0.085470 0.074074
0 0.325415 0.121083 0.064103 0.082621
0 0.398065 0.175214 0.089744 0.096866
0 0.389518 0.342593 0.123932 0.066952
0 0.627765 0.379630 0.134615 0.069801
0 0.569005 0.167379 0.098291 0.084046
0 0.618150 0.111823 0.132479 0.086895
0 0.749560 0.120370 0.066239 0.109687
0 0.908748 0.171652 0.123932 0.072650