0 0.115804 0.086895 0.056980 0.076923
0 0.164237 0.154558 0.082621 0.095442
0 0.185604 0.211538 0.085470 0.092593
0 0.241160 0.284188 0.051282 0.072650
0 0.381473 0.280627 0.106838 0.076923
0 0.391445 0.168803 0.098291 0.129630
0 0.490448 0.183048 0.065527 0.155271
0 0.560248 0.215812 0.068376 0.160969
0 0.642157 0.258547 0.047009 0.103989
0 0.708396 0.277066 0.099715 0.092593
0 0.717656 0.140313 0.064103 0.152422
0 0.808111 0.165242 0.091168 0.136752
0 0.890020 0.211538 0.089744 0.155271
0 0.961748 0.277066 0.076504 0.106838
0 0.884322 0.408120 0.112536 0.092593
0 0.859394 0.495014 0.102564 0.115385
0 0.781758 0.542735 0.095442 0.099715
0 0.690590 0.585470 0.072650 0.116809
0 0.609394 0.583333 0.049858 0.081197
0 0.561673 0.528490 0.062678 0.088319
0 0.494009 0.477920 0.058405 0.132479
0 0.423496 0.427350 0.062678 0.111111
0 0.381473 0.514245 0.101140 0.074074
0 0.241872 0.522792 0.106838 0.116809
0 0.138596 0.527066 0.088319 0.074074
0 0.043154 0.525641 0.054131 0.094017
0 0.125775 0.831909 0.096866 0.088319
0 0.222641 0.830484 0.071225 0.079772
0 0.278909 0.791311 0.041311 0.004274
0 0.304550 0.807692 0.081197 0.074074
0 0.407114 0.781339 0.081197 0.115385
0 0.466231 0.804131 0.065527 0.135328
0 0.546003 0.838319 0.094017 0.123932
0 0.589450 0.910256 0.109687 0.102564
0 0.705547 0.871795 0.108262 0.076923
0 0.751131 0.781339 0.048433 0.089744
0 0.807399 0.807692 0.092593 0.122507
0 0.895006 0.835470 0.062678 0.112536
0 0.931331 0.924501 0.081197 0.113960