0 0.152570 0.458950 0.102131 0.135781
0 0.226283 0.443951 0.098579 0.143675
0 0.274240 0.395796 0.091474 0.183146
0 0.328858 0.278962 0.085258 0.142096
0 0.232943 0.623939 0.085258 0.140517
0 0.266691 0.668147 0.069272 0.153148
0 0.318201 0.672883 0.072824 0.203671
0 0.357277 0.747878 0.079929 0.217880
0 0.538894 0.538682 0.093250 0.200513
0 0.645022 0.537892 0.083481 0.183146
0 0.681878 0.454214 0.098579 0.211565
0 0.725395 0.377640 0.119893 0.238405
0 0.859054 0.451056 0.129663 0.173673
0 0.860386 0.579732 0.144760 0.115256
0 0.878148 0.686304 0.134103 0.132623
0 0.951729 0.796033 0.096542 0.118413