0 0.224062 0.101342 0.094139 0.153148
0 0.210741 0.278172 0.110124 0.137359
0 0.177881 0.402112 0.124334 0.104204
0 0.296442 0.676830 0.126998 0.246300
0 0.253370 0.777876 0.106572 0.202092
0 0.178769 0.848924 0.138544 0.145254
0 0.088183 0.903395 0.103020 0.172094
0 0.414560 0.092658 0.109236 0.157884
0 0.477615 0.155023 0.102131 0.213144
0 0.544666 0.279751 0.103020 0.187882
0 0.628592 0.376061 0.064831 0.143675
0 0.464737 0.440793 0.129663 0.115256
0 0.503814 0.560785 0.150977 0.093152
0 0.527792 0.706828 0.150977 0.097888
0 0.551327 0.840241 0.158970 0.093152
0 0.585519 0.932603 0.124334 0.053681
0 0.694755 0.607361 0.053286 0.192619
0 0.781345 0.708407 0.079041 0.255773
0 0.841292 0.837083 0.092362 0.295244
0 0.939427 0.763667 0.091474 0.271561
0 0.705412 0.147128 0.095915 0.228932
0 0.792890 0.339747 0.128774 0.266825
0 0.867490 0.374482 0.107460 0.191040
0 0.962386 0.318433 0.075227 0.202092