0 0.169000 0.352575 0.122558 0.163410
0 0.125039 0.529307 0.052398 0.111901
0 0.216069 0.483126 0.076377 0.207815
0 0.030326 0.629663 0.060652 0.166963
0 0.051640 0.777087 0.103280 0.177620
0 0.098396 0.850799 0.111012 0.193606
0 0.341292 0.043073 0.019538 0.086146
0 0.402126 0.059503 0.054174 0.113677
0 0.414560 0.182060 0.036412 0.138544
0 0.490936 0.119005 0.050622 0.101243
0 0.511363 0.253996 0.068384 0.133215
0 0.506478 0.348135 0.049734 0.161634
0 0.497153 0.470693 0.098579 0.094139
0 0.481611 0.572824 0.049734 0.042629
0 0.405235 0.787744 0.085258 0.049734
0 0.259586 0.785968 0.042629 0.063943
0 0.278681 0.632327 0.027531 0.062167
0 0.286229 0.548845 0.040853 0.087034
0 0.350617 0.524867 0.045293 0.088810
0 0.641469 0.546181 0.069272 0.117229
0 0.646354 0.664298 0.068384 0.044405
0 0.620155 0.748668 0.051510 0.074600
0 0.599284 0.833037 0.057726 0.065719
0 0.680546 0.690053 0.039076 0.092362
0 0.677881 0.796625 0.046181 0.049734
0 0.725839 0.599467 0.033748 0.074600
0 0.584631 0.102131 0.055062 0.095915
0 0.614382 0.107460 0.054174 0.088810
0 0.670776 0.118117 0.058615 0.134991
0 0.723618 0.087034 0.047069 0.104796
0 0.754702 0.115453 0.059503 0.076377
0 0.603281 0.233570 0.033748 0.149201
0 0.628148 0.206927 0.071048 0.113677
0 0.684098 0.221137 0.049734 0.081705
0 0.661451 0.314387 0.055950 0.065719
0 0.728059 0.239787 0.043517 0.122558
0 0.789338 0.214920 0.063055 0.097691
0 0.836407 0.207815 0.059503 0.087034
0 0.864826 0.265542 0.071936 0.103020
0 0.855501 0.457371 0.031972 0.078153
0 0.863938 0.556838 0.039964 0.085258
0 0.826638 0.616341 0.061279 0.140320
0 0.920776 0.598579 0.036412 0.119005
0 0.934986 0.716696 0.055950 0.142096
0 0.958521 0.809947 0.030195 0.076377
0 0.981611 0.873002 0.021314 0.110124
0 0.841292 0.822380 0.056838 0.197158
0 0.907455 0.861456 0.047069 0.150977
0 0.911007 0.043961 0.068384 0.087922
0 0.890581 0.113677 0.057726 0.101243
0 0.893689 0.206039 0.065719 0.115453
0 0.969935 0.382771 0.060129 0.145648