0 0.090403 0.105313 0.086146 0.175003
0 0.228059 0.106243 0.095027 0.169418
0 0.339515 0.123930 0.079929 0.186173
0 0.433210 0.109967 0.066607 0.139630
0 0.573974 0.108105 0.049734 0.139630
0 0.687206 0.093211 0.075488 0.161971
0 0.796442 0.118345 0.073712 0.175003
0 0.917224 0.106243 0.043517 0.143353
0 0.923885 0.589363 0.065719 0.201067
0 0.792890 0.555852 0.089698 0.148939
0 0.683654 0.551198 0.054174 0.184312
0 0.560208 0.568884 0.063055 0.148939
0 0.435874 0.579124 0.100355 0.202929
0 0.320421 0.581916 0.077265 0.175003
0 0.220066 0.586571 0.070160 0.143353
0 0.094844 0.570746 0.075488 0.141492