0 0.179194 0.124644 0.192308 0.112536
0 0.126488 0.319088 0.203704 0.176638
0 0.242584 0.608974 0.159544 0.115385
0 0.193439 0.774217 0.183761 0.169516
0 0.543154 0.696581 0.145299 0.111111
0 0.630049 0.940171 0.262108 0.119658
0 0.781046 0.825499 0.162393 0.101140
0 0.875063 0.923789 0.136752 0.061254
0 0.903553 0.797721 0.102564 0.096866
0 0.873639 0.676638 0.119658 0.096866
0 0.880049 0.567664 0.084046 0.112536
0 0.808111 0.301994 0.287749 0.202279
0 0.612243 0.173077 0.109687 0.123932
0 0.454123 0.050570 0.098291 0.078348
0 0.504693 0.218661 0.148148 0.106838
0 0.539593 0.339744 0.129630 0.078348
0 0.549564 0.457977 0.121083 0.075499