0 0.054831 0.115385 0.109661 0.125356
0 0.137223 0.141738 0.045620 0.152422
0 0.193297 0.215100 0.119752 0.139601
0 0.219434 0.311254 0.113099 0.155271
0 0.242243 0.401709 0.113099 0.119658
0 0.204702 0.623932 0.119752 0.136752
0 0.146727 0.677350 0.121652 0.115385
0 0.119165 0.772080 0.098843 0.156695
0 0.131046 0.938746 0.092190 0.122507
0 0.382429 0.745014 0.104545 0.096866
0 0.433276 0.787037 0.095991 0.103989
0 0.490776 0.840456 0.102644 0.116809
0 0.526416 0.920228 0.107396 0.148148
0 0.588193 0.666667 0.113099 0.185185
0 0.507408 0.655983 0.078884 0.186610
0 0.459412 0.567664 0.053223 0.126781
0 0.413792 0.351140 0.096942 0.178063
0 0.457986 0.201567 0.063677 0.155271
0 0.531643 0.108974 0.100743 0.172365
0 0.582015 0.179487 0.108347 0.148148
0 0.729328 0.182336 0.133057 0.196581
0 0.819142 0.218661 0.109297 0.160969
0 0.876167 0.317664 0.113099 0.150997
0 0.933666 0.408832 0.119752 0.096866
0 0.881394 0.554131 0.102644 0.088319
0 0.804886 0.650997 0.116900 0.111111
0 0.790155 0.775641 0.096942 0.103989
0 0.822944 0.923077 0.094091 0.111111