0 0.201416 0.308060 0.118117 0.178730
0 0.341292 0.328264 0.101243 0.101021
0 0.046312 0.601021 0.092624 0.251776
0 0.095288 0.771980 0.071048 0.307726
0 0.202304 0.646092 0.105684 0.239343
0 0.343068 0.710591 0.101243 0.203597
0 0.462517 0.779751 0.112789 0.254885
0 0.541114 0.750999 0.106572 0.284414
0 0.601061 0.660080 0.098579 0.239343
0 0.657011 0.336812 0.112789 0.217584
0 0.538450 0.388877 0.081705 0.194272
0 0.435430 0.339143 0.120782 0.228464
0 0.410563 0.214809 0.115453 0.206705
0 0.784897 0.221026 0.128774 0.262655
0 0.817313 0.348468 0.122558 0.181838
0 0.888361 0.398202 0.110124 0.188055
0 0.760474 0.680284 0.083481 0.248668
0 0.836851 0.630551 0.047957 0.242451
0 0.896798 0.631328 0.048845 0.225355
0 0.955412 0.684170 0.061279 0.181838
0 0.661451 0.834925 0.077265 0.088588