0 0.121043 0.329333 0.090586 0.164346
0 0.068645 0.371210 0.124334 0.238617
0 0.026774 0.630370 0.053547 0.267062
0 0.317757 0.909284 0.082593 0.116938
0 0.282233 0.665136 0.174956 0.273383
0 0.286229 0.441531 0.184725 0.246519
0 0.377704 0.283506 0.190053 0.180148
0 0.442535 0.097827 0.149201 0.162766
0 0.580190 0.351457 0.140320 0.186469
0 0.671220 0.806568 0.050622 0.214914
0 0.734276 0.704642 0.073712 0.254420
0 0.807544 0.667506 0.069272 0.300247
0 0.920332 0.680148 0.110124 0.243358
0 0.740492 0.382272 0.134103 0.235457
0 0.840403 0.292987 0.124334 0.230716
0 0.870599 0.095456 0.117229 0.186469