0 0.052413 0.149573 0.064103 0.122507
0 0.157114 0.183761 0.079772 0.148148
0 0.267513 0.219373 0.095442 0.179487
0 0.401416 0.183048 0.109687 0.175214
0 0.418510 0.409544 0.101140 0.172365
0 0.307399 0.408120 0.106838 0.169516
0 0.215519 0.445869 0.096866 0.202279
0 0.127200 0.558405 0.099715 0.159544
0 0.564522 0.307692 0.068376 0.113960
0 0.622214 0.183761 0.086895 0.159544
0 0.723354 0.273504 0.089744 0.176638
0 0.836601 0.210826 0.099715 0.148148
0 0.927770 0.086895 0.062678 0.111111
0 0.688453 0.446581 0.082621 0.129630
0 0.777485 0.500712 0.069801 0.135328
0 0.085177 0.750000 0.095442 0.044160
0 0.120077 0.798433 0.088319 0.064103
0 0.125063 0.861111 0.081197 0.049858
0 0.125063 0.918803 0.058405 0.042735
0 0.260391 0.933761 0.066952 0.049858
0 0.212670 0.868946 0.062678 0.034188
0 0.212670 0.807692 0.082621 0.062678
0 0.229052 0.750000 0.084046 0.044160
0 0.247570 0.693020 0.047009 0.055556
0 0.409251 0.735043 0.113960 0.059829
0 0.426345 0.809829 0.125356 0.064103
0 0.427057 0.876068 0.123932 0.045584
0 0.382186 0.949430 0.082621 0.055556
0 0.632898 0.943020 0.102564 0.051282
0 0.582328 0.873932 0.146724 0.061254
0 0.568795 0.803419 0.119658 0.051282
0 0.567371 0.740741 0.105413 0.059829
0 0.774636 0.774217 0.072650 0.084046
0 0.857969 0.405983 0.074074 0.131054