0 0.171359 0.259972 0.153846 0.109687
0 0.226203 0.178063 0.163818 0.094017
0 0.182755 0.039174 0.113960 0.066952
0 0.192015 0.336895 0.084046 0.118234
0 0.256829 0.254274 0.119658 0.118234
0 0.343012 0.208689 0.103989 0.095442
0 0.456260 0.220085 0.085470 0.118234
0 0.598710 0.184473 0.082621 0.069801
0 0.685604 0.162393 0.076923 0.074074
0 0.766089 0.159544 0.095442 0.119658
0 0.855832 0.155983 0.061254 0.138177
0 0.672072 0.314815 0.069801 0.113960
0 0.763952 0.331909 0.091168 0.122507
0 0.810248 0.332621 0.103989 0.121083
0 0.876488 0.342593 0.068376 0.106838
0 0.698425 0.452279 0.136752 0.095442
0 0.331616 0.659544 0.155271 0.105413
0 0.286744 0.755698 0.139601 0.069801
0 0.246858 0.856838 0.145299 0.098291
0 0.110106 0.878205 0.145299 0.066952
0 0.537456 0.717236 0.076923 0.186610
0 0.671359 0.665954 0.116809 0.169516
0 0.803838 0.639601 0.119658 0.182336
0 0.942015 0.709402 0.091168 0.162393