0 0.089385 0.406059 0.178769 0.424709
0 0.172109 0.506315 0.160746 0.372607
0 0.385252 0.448688 0.158970 0.361555
0 0.404791 0.721828 0.180284 0.282613
0 0.220954 0.813400 0.203375 0.251036
0 0.189871 0.929988 0.203375 0.140024
0 0.555768 0.241859 0.125222 0.225775
0 0.633032 0.278172 0.082593 0.153148
0 0.686318 0.371324 0.091474 0.172094
0 0.760030 0.435267 0.086146 0.170515
0 0.826638 0.508684 0.095027 0.156306
0 0.951860 0.297908 0.071936 0.265246
0 0.574862 0.537103 0.090586 0.178409
0 0.646798 0.612098 0.067496 0.161042
0 0.720954 0.664989 0.066607 0.131044
0 0.765803 0.758930 0.085258 0.148411