0 0.211413 0.074786 0.187464 0.129630
0 0.125658 0.220798 0.211396 0.111111
0 0.154575 0.321937 0.257265 0.099715
0 0.133635 0.415242 0.227350 0.112536
0 0.129647 0.665242 0.195442 0.128205
0 0.059838 0.589744 0.119675 0.108262
0 0.243322 0.733618 0.251282 0.133903
0 0.231356 0.845442 0.187464 0.126781
0 0.266256 0.943020 0.213390 0.108262
0 0.739903 0.638177 0.187464 0.091168
0 0.638194 0.803419 0.243305 0.131054
0 0.739903 0.873219 0.307123 0.125356
0 0.885487 0.941595 0.183476 0.088319
0 0.821669 0.408120 0.211396 0.078348
0 0.750872 0.320513 0.201425 0.082621
0 0.654148 0.244302 0.211396 0.118234
0 0.616256 0.138177 0.147578 0.113960