0 0.120599 0.412078 0.038188 0.140320
0 0.144133 0.392540 0.042629 0.143872
0 0.185430 0.375666 0.057726 0.152753
0 0.228059 0.358792 0.047069 0.108348
0 0.227615 0.482238 0.060391 0.106572
0 0.141913 0.538188 0.059503 0.182948
0 0.017449 0.638544 0.034897 0.195382
0 0.056969 0.761101 0.113938 0.163410
0 0.100173 0.883659 0.118117 0.166963
0 0.253814 0.787744 0.055950 0.060391
0 0.254702 0.638544 0.045293 0.071048
0 0.277348 0.542629 0.033748 0.078153
0 0.351061 0.538188 0.046181 0.062167
0 0.389693 0.788632 0.059503 0.065719
0 0.481167 0.152753 0.048845 0.101243
0 0.497153 0.269982 0.057726 0.090586
0 0.508698 0.363233 0.077265 0.060391
0 0.495821 0.470693 0.062167 0.079929
0 0.467402 0.593250 0.076377 0.072824
0 0.616602 0.519538 0.076377 0.071048
0 0.625483 0.670515 0.040853 0.081705
0 0.621043 0.753108 0.049734 0.040853
0 0.590403 0.829485 0.057726 0.062167
0 0.672553 0.783304 0.026643 0.058615
0 0.695199 0.681172 0.038188 0.053286
0 0.729835 0.590586 0.038188 0.060391
0 0.680101 0.097691 0.039964 0.104796
0 0.627260 0.090586 0.040853 0.097691
0 0.585963 0.141208 0.064831 0.106572
0 0.722286 0.106572 0.040853 0.079929
0 0.756478 0.127886 0.031083 0.083481
0 0.631700 0.208703 0.040853 0.099467
0 0.683210 0.225577 0.033748 0.090586
0 0.727615 0.249556 0.037300 0.117229
0 0.657011 0.325933 0.063055 0.092362
0 0.784453 0.222025 0.047957 0.111901
0 0.833299 0.214032 0.051510 0.120782
0 0.867490 0.261101 0.047069 0.119005
0 0.858609 0.476909 0.048845 0.095915
0 0.899462 0.534636 0.025755 0.087034
0 0.855945 0.544405 0.023979 0.081705
0 0.827970 0.602131 0.062167 0.111901
0 0.811984 0.712256 0.049734 0.062167
0 0.928325 0.601243 0.046181 0.081705
0 0.849284 0.831261 0.042629 0.111901
0 0.938094 0.711368 0.056838 0.099467
0 0.958521 0.827709 0.049734 0.101243
0 0.901238 0.853464 0.045293 0.106572
0 0.979391 0.371226 0.029307 0.097691
0 0.892357 0.197158 0.071936 0.104796
0 0.875927 0.122558 0.060391 0.154529
0 0.902570 0.026199 0.092362 0.052398
0 0.347952 0.035968 0.066607 0.071936
0 0.404791 0.072824 0.055950 0.101243
0 0.403458 0.182060 0.040853 0.074600
0 0.212073 0.017318 0.114565 0.034636
0 0.081522 0.167851 0.043517 0.078153
0 0.053547 0.103020 0.024867 0.079929
0 0.018911 0.062167 0.023091 0.072824
0 0.024684 0.162522 0.032860 0.042629