0 0.104613 0.255561 0.087922 0.143788
0 0.116602 0.461093 0.111901 0.209761
0 0.143245 0.597268 0.108348 0.177620
0 0.045424 0.094857 0.090847 0.113338
0 0.298219 0.203967 0.123446 0.202994
0 0.368379 0.506766 0.070160 0.246976
0 0.429657 0.491542 0.100355 0.253743
0 0.517579 0.490696 0.080817 0.235135
0 0.634808 0.459401 0.107460 0.236827
0 0.598396 0.640404 0.128774 0.236827
0 0.803991 0.233570 0.097691 0.082889
0 0.819089 0.416265 0.085258 0.160704
0 0.902126 0.396811 0.087922 0.131946
0 0.958965 0.454326 0.079041 0.138713
0 0.937650 0.623488 0.066607 0.165779
0 0.860386 0.583735 0.041741 0.184386
0 0.815093 0.620951 0.063055 0.208069
0 0.753370 0.587118 0.055062 0.167470
0 0.843068 0.784192 0.046181 0.209761