0 0.150704 0.425926 0.103989 0.202279
0 0.223354 0.374644 0.112536 0.173789
0 0.347285 0.414530 0.106838 0.213675
0 0.412100 0.454416 0.088319 0.153846
0 0.437029 0.171652 0.078348 0.138177
0 0.264664 0.220798 0.103989 0.133903
0 0.199137 0.191595 0.066952 0.106838
0 0.133610 0.138177 0.101140 0.128205
0 0.706972 0.117521 0.119658 0.129630
0 0.733325 0.229345 0.152422 0.108262
0 0.811673 0.270655 0.152422 0.065527
0 0.593012 0.415242 0.088319 0.158120
0 0.692015 0.384615 0.089744 0.153846
0 0.800989 0.408120 0.088319 0.155271
0 0.858681 0.462251 0.055556 0.138177
0 0.050989 0.722934 0.066952 0.072650
0 0.083040 0.792735 0.085470 0.095442
0 0.132898 0.814103 0.091168 0.066952
0 0.255405 0.785613 0.099715 0.064103
0 0.048140 0.915242 0.049858 0.075499
0 0.124351 0.905983 0.054131 0.079772
0 0.167086 0.920940 0.071225 0.089744
0 0.197000 0.954416 0.059829 0.076923
0 0.432043 0.945157 0.062678 0.109686
0 0.503980 0.925214 0.049858 0.098291
0 0.553838 0.935897 0.075499 0.079772
0 0.617941 0.961538 0.041311 0.076923
0 0.482613 0.693020 0.095442 0.089744
0 0.496146 0.766382 0.108262 0.094017
0 0.556687 0.806980 0.112536 0.101140
0 0.650704 0.808405 0.089744 0.047009
0 0.761103 0.734330 0.091168 0.086895