0 0.181938 0.399573 0.113248 0.121083
0 0.308541 0.377493 0.110043 0.094017
0 0.411105 0.366097 0.103632 0.105413
0 0.442088 0.235755 0.107906 0.132479
0 0.494972 0.311966 0.113248 0.133903
0 0.525421 0.438034 0.097222 0.123932
0 0.604481 0.471510 0.112179 0.074074
0 0.785571 0.471510 0.068376 0.105413
0 0.829374 0.781339 0.064103 0.146724
0 0.678199 0.636752 0.086538 0.113960
0 0.578840 0.589031 0.063034 0.146724
0 0.523819 0.683048 0.074786 0.138177
0 0.445827 0.644587 0.100427 0.123932
0 0.435143 0.518519 0.106838 0.085470
0 0.311212 0.480769 0.100427 0.086895
0 0.168584 0.535613 0.084402 0.071225