0 0.081078 0.433689 0.108348 0.233669
0 0.200528 0.477896 0.107460 0.202092
0 0.307100 0.433689 0.105684 0.214723
0 0.383032 0.227649 0.122558 0.260509
0 0.154791 0.706039 0.103020 0.209986
0 0.216958 0.864466 0.083481 0.271068
0 0.331966 0.811032 0.130551 0.224196
0 0.464737 0.670515 0.111901 0.186304
0 0.687650 0.604204 0.079929 0.198934
0 0.674773 0.288435 0.077265 0.198934
0 0.692979 0.119499 0.090586 0.202092
0 0.772020 0.099763 0.088810 0.184725
0 0.835075 0.343694 0.106572 0.179988
0 0.814204 0.618413 0.130551 0.148411
0 0.799107 0.812611 0.128774 0.195777
0 0.903458 0.895254 0.113677 0.209492