0 0.289090 0.116809 0.064103 0.048433
0 0.291227 0.188034 0.115385 0.054131
0 0.315800 0.252849 0.096154 0.035613
0 0.296569 0.306980 0.070513 0.044160
0 0.264518 0.434473 0.049145 0.048433
0 0.288022 0.500712 0.066239 0.047009
0 0.315800 0.563390 0.057692 0.055556
0 0.315800 0.626781 0.040598 0.037037
0 0.277338 0.757835 0.091880 0.045584
0 0.326483 0.812678 0.083333 0.047009
0 0.316868 0.888889 0.081197 0.065527
0 0.329689 0.954416 0.098291 0.039886
0 0.734603 0.773504 0.108974 0.056980
0 0.776270 0.811966 0.076923 0.028490
0 0.779475 0.878917 0.074786 0.039886
0 0.785885 0.930912 0.121795 0.055556
0 0.759176 0.466524 0.047009 0.078348
0 0.783748 0.513533 0.108974 0.047009
0 0.789090 0.595442 0.098291 0.065527
0 0.820073 0.632479 0.096154 0.037037
0 0.738877 0.126781 0.079060 0.076923
0 0.769860 0.185897 0.106838 0.064103
0 0.798706 0.242877 0.113248 0.047009
0 0.793364 0.309117 0.081197 0.048433