0 0.362808 0.190883 0.314103 0.165242
0 0.274133 0.094017 0.273504 0.188034
0 0.088990 0.076211 0.177979 0.152422
0 0.712167 0.034900 0.252137 0.069800
0 0.813663 0.129630 0.250000 0.122507
0 0.815800 0.264245 0.181624 0.118234
0 0.636313 0.418803 0.138889 0.128205
0 0.758107 0.472934 0.168803 0.125356
0 0.858535 0.523504 0.100427 0.112536
0 0.920501 0.576211 0.126068 0.109687
0 0.116013 0.861823 0.111111 0.133903
0 0.249560 0.841880 0.083333 0.094017
0 0.343577 0.894587 0.134615 0.133903
0 0.433321 0.930199 0.079060 0.085470
0 0.633107 0.728632 0.166667 0.129630
0 0.701483 0.797009 0.123932 0.109687
0 0.733535 0.863248 0.162393 0.165242
0 0.911954 0.886040 0.164530 0.111111