0 0.145466 0.102921 0.071936 0.099467
0 0.195643 0.184231 0.078153 0.148411
0 0.228503 0.302645 0.078153 0.126307
0 0.253370 0.413164 0.079929 0.126307
0 0.118379 0.597888 0.099467 0.126307
0 0.158343 0.676041 0.062167 0.118413
0 0.227615 0.751826 0.097691 0.140517
0 0.228059 0.906552 0.089698 0.115256
0 0.410563 0.538682 0.047957 0.140517
0 0.455856 0.705250 0.106572 0.142096
0 0.476727 0.833925 0.080817 0.149990
0 0.498485 0.935761 0.079929 0.107361
0 0.448308 0.070555 0.077265 0.129465
0 0.466514 0.229228 0.071048 0.187882
0 0.488272 0.334221 0.070160 0.183146
0 0.532677 0.482633 0.087922 0.126307
0 0.673441 0.635781 0.103020 0.179988
0 0.744045 0.691040 0.121670 0.154727
0 0.792446 0.782613 0.115453 0.186304
0 0.825306 0.889974 0.110124 0.129465
0 0.722286 0.057134 0.095915 0.086836
0 0.757810 0.186600 0.074600 0.108940
0 0.767579 0.354746 0.058615 0.154727
0 0.771576 0.481843 0.096803 0.093152