0 0.187595 0.032764 0.117851 0.062678
0 0.182368 0.167379 0.069380 0.112536
0 0.159083 0.282764 0.100743 0.081197
0 0.119641 0.354701 0.099793 0.076923
0 0.059290 0.435897 0.064628 0.096866
0 0.227987 0.604701 0.101694 0.101140
0 0.161934 0.683048 0.112148 0.152422
0 0.118690 0.758547 0.126404 0.132479
0 0.146252 0.905983 0.080785 0.125356
0 0.558255 0.636752 0.104545 0.133903
0 0.503606 0.712251 0.139710 0.128205
0 0.472718 0.784188 0.104545 0.106838
0 0.481747 0.945869 0.095991 0.108262
0 0.386231 0.452991 0.096942 0.079772
0 0.438028 0.363248 0.080785 0.071225
0 0.484598 0.275641 0.122603 0.066952
0 0.494577 0.168091 0.104545 0.054131
0 0.501705 0.046296 0.101694 0.066952
0 0.839101 0.136040 0.078884 0.126781
0 0.804886 0.221510 0.080785 0.112536
0 0.773998 0.347578 0.079834 0.096866
0 0.733605 0.418803 0.067479 0.113960
0 0.907055 0.621795 0.074132 0.129630
0 0.824369 0.669516 0.074132 0.165242
0 0.801084 0.755698 0.069380 0.103989
0 0.843378 0.918803 0.112148 0.133903