0 0.345288 0.240478 0.194494 0.155911
0 0.407899 0.377640 0.220249 0.185514
0 0.404347 0.597691 0.140320 0.207223
0 0.318201 0.866094 0.138544 0.171699
0 0.073530 0.708210 0.121670 0.266430
0 0.185430 0.650977 0.100355 0.207223
0 0.212517 0.501974 0.124334 0.232879
0 0.174773 0.144415 0.126998 0.288830
0 0.667224 0.131932 0.184725 0.250641
0 0.584187 0.418097 0.141208 0.215117
0 0.584631 0.619400 0.140320 0.226959
0 0.641025 0.717091 0.153641 0.240774
0 0.814204 0.848332 0.073712 0.230906
0 0.785785 0.545392 0.125222 0.311822
0 0.815093 0.328301 0.176732 0.327610
0 0.919000 0.279949 0.153641 0.325636