0 0.328092 0.370169 0.083603 0.054348
0 0.413001 0.365942 0.060089 0.055556
0 0.484847 0.385870 0.073152 0.068841
0 0.542324 0.405193 0.041801 0.047101
0 0.658584 0.402174 0.101891 0.050725
0 0.718673 0.405193 0.091440 0.049517
0 0.787907 0.403986 0.057477 0.049517
0 0.855834 0.413043 0.041801 0.053140
0 0.881960 0.487923 0.099278 0.043478
0 0.235345 0.426329 0.096666 0.045894
0 0.117779 0.464976 0.101891 0.021739
0 0.151743 0.496377 0.101891 0.019324
0 0.201382 0.520531 0.060089 0.016908
0 0.234039 0.555556 0.135854 0.014493
0 0.359443 0.562802 0.015675 0.019324
0 0.437820 0.571256 0.031351 0.026570
0 0.495297 0.574275 0.052252 0.042271
0 0.633764 0.568237 0.073152 0.025362
0 0.730430 0.596014 0.041801 0.013285