0 0.547800 0.616097 0.133057 0.200855
0 0.509309 0.746439 0.270867 0.264957
0 0.821993 0.712251 0.149214 0.119658
0 0.906482 0.657407 0.187036 0.152422
0 0.943548 0.584046 0.112904 0.082621
0 0.807262 0.362536 0.150165 0.226496
0 0.670403 0.215100 0.161570 0.190883
0 0.423772 0.329060 0.158718 0.162393
0 0.349640 0.457265 0.124504 0.245014
0 0.074021 0.358974 0.132107 0.025641
0 0.157182 0.247863 0.140661 0.091168
0 0.201376 0.202279 0.139710 0.222222
0 0.237491 0.776353 0.153016 0.071225
0 0.256500 0.596866 0.181528 0.205128
0 0.145777 0.692308 0.191983 0.202279